"SECT","TYPE","INIT_STN","X_COORD","Y_COORD","AZIMUTH","LENGTH","WIDTH","LINEAR_FACTOR","RECOV","BARRIER","PANEL_CO","PANEL_LV","PANEL_WT","TEXT_CO","TEXT_LV","TEXT_WT","TEXT_FONT","KIND","PREVIOUS","LEAPFROG_OVERRIDE","ENTRIES","ENTRY_WIDTH","ENTRY_CENTERS","CROSSCUT_CENTERS","CROSSCUT_ANGLE","GOB_EYE_DEPTH","BELT_PILLARS_SPLIT"
"A-03G","CMG",0.00,1750028.99,443883.18,100.50,13391.42,196.00,4.42,36.10,0.00,0,35,0,0,35,0,1,3,"A-03S",0,3,16.00,90.00,180.00,60.00,0.00,1
"A-04L","LW",250.00,1750239.09,443644.90,100.50,14320.58,1200.00,1.00,99.00,250.00,0,35,0,0,35,0,1,2,"A-03X",0,0,0.00,0.00,0.00,0.00,0.00,0
"A-04S","CMS",0.00,1764101.19,439855.27,10.50,1200.00,286.00,6.84,38.30,0.00,0,35,0,0,35,0,1,5,"A-04L",0,4,16.00,90.00,90.00,60.00,0.00,0
"A-04G","CMG",0.00,1749774.59,442510.55,100.50,14856.58,196.00,4.42,36.10,0.00,0,35,0,0,35,0,1,3,"A-04S",0,3,16.00,90.00,180.00,60.00,0.00,1
"A-04X","CMX",0.00,1764382.40,439803.15,100.50,0.00,286.00,5.89,33.00,0.00,0,35,0,0,35,0,1,4,"A-04G",0,4,16.00,90.00,180.00,60.00,0.00,1
"A-05S","CMS",0.00,1763843.46,438483.27,10.50,1200.00,286.00,6.84,38.30,0.00,0,35,0,0,35,0,1,5,"A-05L",0,4,16.00,90.00,90.00,60.00,0.00,0
"A-05G","CMG",0.00,1749520.19,441137.93,100.50,14853.20,196.00,4.42,36.10,0.00,0,35,0,0,35,0,1,3,"A-05S",0,3,16.00,90.00,180.00,60.00,0.00,1
"A-05X","CMX",0.00,1764124.68,438431.15,100.50,0.00,286.00,5.89,33.00,0.00,0,35,0,0,35,0,1,4,"A-05G",0,4,16.00,90.00,180.00,60.00,0.00,1
"A-06L","LW",250.00,1749730.28,440899.65,100.50,14307.87,1200.00,1.00,99.00,250.00,0,35,0,0,35,0,1,2,"A-05X",0,0,0.00,0.00,0.00,0.00,0.00,0
"A-06S","CMS",0.00,1763579.89,437112.34,10.50,1200.00,286.00,6.84,38.30,0.00,0,35,0,0,35,0,1,5,"A-06L",0,4,16.00,90.00,90.00,60.00,0.00,0
"A-06G","CMG",0.00,1749265.79,439765.30,100.50,14843.87,196.00,4.42,36.10,0.00,0,35,0,0,35,0,1,3,"A-06S",0,3,16.00,90.00,180.00,60.00,0.00,1
"BOTM","CMM",0.00,1751054.11,435051.35,100.50,2501.88,1276.00,26.51,33.20,0.00,0,35,0,0,35,1,0,1,,0,15,16.00,90.00,90.00,90.00,0.00,0
"A-06X","CMX",0.00,1763861.10,437060.22,100.50,0.00,286.00,5.89,33.00,0.00,0,35,0,0,35,0,1,4,"A-06G",0,4,16.00,90.00,180.00,60.00,0.00,1
"A-07L","LW",250.00,1749475.88,439527.03,100.50,14303.20,1200.00,1.00,99.00,250.00,0,35,0,0,35,0,1,2,"A-06X",0,0,0.00,0.00,0.00,0.00,0.00,0
"A-07S","CMS",0.00,1763320.90,435740.57,10.50,1200.00,286.00,6.84,38.30,0.00,0,35,0,0,35,0,1,5,"A-07L",0,4,16.00,90.00,90.00,60.00,0.00,0
"A-07G","CMG",0.00,1749011.39,438392.68,100.50,14839.20,196.00,4.42,36.10,0.00,0,35,0,0,35,0,1,3,"A-07S",0,3,16.00,90.00,180.00,60.00,0.00,1
"A-07X","CMX",0.00,1763602.11,435688.45,100.50,0.00,286.00,5.89,33.00,0.00,0,35,0,0,35,0,1,4,"A-07G",0,4,16.00,90.00,180.00,60.00,0.00,1
"C-00G","CMG",0.00,1754821.61,469741.86,100.50,13076.00,196.00,4.42,36.10,0.00,0,35,0,0,35,0,1,3,,0,3,16.00,90.00,180.00,60.00,0.00,1
"C-01L","LW",250.00,1755031.71,469503.58,100.50,12540.00,1200.00,1.00,99.00,250.00,0,35,0,0,35,0,1,2,"C-00G",0,0,0.00,0.00,0.00,0.00,0.00,0
"C-01S","CMS",0.00,1767143.04,466038.44,10.50,1200.00,286.00,6.84,38.30,0.00,0,35,0,0,35,0,1,5,"C-01L",0,4,16.00,90.00,90.00,60.00,0.00,0
"B-00G","CMG",0.00,1752924.20,459504.34,100.50,13076.00,196.00,4.42,36.10,0.00,0,35,0,0,35,0,1,3,,0,3,16.00,90.00,180.00,60.00,0.00,1
"B-01L","LW",250.00,1753134.30,459266.06,100.50,12540.00,1200.00,1.00,99.00,250.00,0,35,0,0,35,0,1,2,"B-00G",0,0,0.00,0.00,0.00,0.00,0.00,0
"A-00G","CMG",0.00,1750792.19,448001.05,100.50,13367.07,196.00,4.42,36.10,0.00,0,35,0,0,35,0,1,3,,0,3,16.00,90.00,180.00,60.00,0.00,1
"A-01L","LW",250.00,1751002.29,447762.77,100.50,12831.07,1200.00,1.00,99.00,250.00,0,35,0,0,35,0,1,2,"A-00G",0,0,0.00,0.00,0.00,0.00,0.00,0
"A-01S","CMS",0.00,1763399.82,444244.59,10.50,1200.00,286.00,6.84,38.30,0.00,0,35,0,0,35,0,1,5,"A-01L",0,4,16.00,90.00,90.00,60.00,0.00,0
"A-01X","CMX",0.00,1763693.00,444190.25,100.50,0.00,286.00,5.89,33.00,0.00,0,35,0,0,35,0,1,4,"A-01G",0,4,16.00,90.00,180.00,60.00,0.00,1
"B-01S","CMS",0.00,1765245.63,455800.92,10.50,1200.00,286.00,6.84,38.30,0.00,0,35,0,0,35,0,1,5,"B-01L",0,4,16.00,90.00,90.00,60.00,0.00,0
"B-01G","CMG",0.00,1752669.80,458131.71,100.50,13076.00,196.00,4.42,36.10,0.00,0,35,0,0,35,0,1,3,"B-01S",0,3,16.00,90.00,180.00,60.00,0.00,1
"C-01G","CMG",0.00,1754567.21,468369.24,100.50,13076.00,196.00,4.42,36.10,0.00,0,35,0,0,35,0,1,3,"C-01S",0,3,16.00,90.00,180.00,60.00,0.00,1
"C-01X","CMX",0.00,1767424.25,465986.32,100.50,0.00,286.00,5.89,33.00,0.00,0,35,0,0,35,0,1,4,"C-01G",0,4,16.00,90.00,180.00,60.00,0.00,1
"C-02L","LW",250.00,1754777.31,468130.96,100.50,12540.00,1200.00,1.00,99.00,250.00,0,35,0,0,35,0,1,2,"C-01X",0,0,0.00,0.00,0.00,0.00,0.00,0
"C-02S","CMS",0.00,1766888.64,464665.82,10.50,1200.00,286.00,6.84,38.30,0.00,0,35,0,0,35,0,1,5,"C-02L",0,4,16.00,90.00,90.00,60.00,0.00,0
"MW01","CMM",0.00,1750910.66,434250.08,280.50,33268.11,466.00,10.11,34.70,0.00,0,35,0,0,35,1,0,1,,0,6,16.00,90.00,90.00,90.00,0.00,0
"MS01","CMM",0.00,1718849.32,440204.19,190.45,13335.69,646.00,13.75,34.10,0.00,0,35,1,0,35,1,1,1,,0,8,16.00,90.00,90.00,90.00,0.00,0
"MN01","CMM",0.00,1747784.35,435317.04,10.50,35485.35,646.00,13.75,34.10,0.00,0,35,0,0,35,1,0,1,,0,8,16.00,90.00,90.00,90.00,0.00,0
"MN02","CMM",0.00,1718824.93,440680.31,10.50,7971.20,646.00,13.75,34.10,0.00,0,35,1,0,35,1,1,1,,0,8,16.00,90.00,90.00,90.00,0.00,0
"A-05L","LW",250.00,1749984.69,442272.28,100.50,14317.20,1200.00,1.00,99.00,250.00,0,35,0,0,35,0,1,2,"A-04X",0,0,0.00,0.00,0.00,0.00,0.00,0
"B-01X","CMX",0.00,1765526.84,455748.80,100.50,0.00,286.00,5.89,33.00,0.00,0,35,0,0,35,0,1,4,"B-01G",0,4,16.00,90.00,180.00,60.00,0.00,1
"B-02L","LW",250.00,1752879.90,457893.44,100.50,12540.00,1200.00,1.00,99.00,250.00,0,35,0,0,35,0,1,2,"B-01X",0,0,0.00,0.00,0.00,0.00,0.00,0
"B-02S","CMS",0.00,1764991.23,454428.30,10.50,1200.00,286.00,6.84,38.30,0.00,0,35,0,0,35,0,1,5,"B-02L",0,4,16.00,90.00,90.00,60.00,0.00,0
"B-02G","CMG",0.00,1752415.40,456759.09,100.50,13076.00,196.00,4.42,36.10,0.00,0,35,0,0,35,0,1,3,"B-02S",0,3,16.00,90.00,180.00,60.00,0.00,1
"B-02X","CMX",0.00,1765272.44,454376.18,100.50,0.00,286.00,5.89,33.00,0.00,0,35,0,0,35,0,1,4,"B-02G",0,4,16.00,90.00,180.00,60.00,0.00,1
"B-03L","LW",250.00,1752625.50,456520.81,100.50,12540.00,1200.00,1.00,99.00,250.00,0,35,0,0,35,0,1,2,"B-02X",0,0,0.00,0.00,0.00,0.00,0.00,0
"B-03S","CMS",0.00,1764736.83,453055.67,10.50,1200.00,286.00,6.84,38.30,0.00,0,35,0,0,35,0,1,5,"B-03L",0,4,16.00,90.00,90.00,60.00,0.00,0
"B-03G","CMG",0.00,1752161.00,455386.47,100.50,13076.00,196.00,4.42,36.10,0.00,0,35,0,0,35,0,1,3,"B-03S",0,3,16.00,90.00,180.00,60.00,0.00,1
"B-03X","CMX",0.00,1765018.04,453003.55,100.50,0.00,286.00,5.89,33.00,0.00,0,35,0,0,35,0,1,4,"B-03G",0,4,16.00,90.00,180.00,60.00,0.00,1
"B-04L","LW",250.00,1752371.10,455148.19,100.50,12540.00,1200.00,1.00,99.00,250.00,0,35,0,0,35,0,1,2,"B-03X",0,0,0.00,0.00,0.00,0.00,0.00,0
"B-04S","CMS",0.00,1764482.43,451683.05,10.50,1200.00,286.00,6.84,38.30,0.00,0,35,0,0,35,0,1,5,"B-04L",0,4,16.00,90.00,90.00,60.00,0.00,0
"B-04G","CMG",0.00,1751906.60,454013.84,100.50,13076.00,196.00,4.42,36.10,0.00,0,35,0,0,35,0,1,3,"B-04S",0,3,16.00,90.00,180.00,60.00,0.00,1
"B-04X","CMX",0.00,1764763.64,451630.93,100.50,0.00,286.00,5.89,33.00,0.00,0,35,0,0,35,0,1,4,"B-04G",0,4,16.00,90.00,180.00,60.00,0.00,1
"B-05L","LW",250.00,1752116.69,453775.57,100.50,12540.00,1200.00,1.00,99.00,250.00,0,35,0,0,35,0,1,2,"B-04X",0,0,0.00,0.00,0.00,0.00,0.00,0
"B-05S","CMS",0.00,1764228.03,450310.43,10.50,1200.00,286.00,6.84,38.30,0.00,0,35,0,0,35,0,1,5,"B-05L",0,4,16.00,90.00,90.00,60.00,0.00,0
"B-05G","CMG",0.00,1751652.20,452641.22,100.50,13076.00,196.00,4.42,36.10,0.00,0,35,0,0,35,0,1,3,"B-05S",0,3,16.00,90.00,180.00,60.00,0.00,1
"B-05X","CMX",0.00,1764509.24,450258.31,100.50,0.00,286.00,5.89,33.00,0.00,0,35,0,0,35,0,1,4,"B-05G",0,4,16.00,90.00,180.00,60.00,0.00,1
"B-06L","LW",250.00,1751862.29,452402.94,100.50,12540.00,1200.00,1.00,99.00,250.00,0,35,0,0,35,0,1,2,"B-05X",0,0,0.00,0.00,0.00,0.00,0.00,0
"B-06S","CMS",0.00,1763973.63,448937.80,10.50,1200.00,286.00,6.84,38.30,0.00,0,35,0,0,35,0,1,5,"B-06L",0,4,16.00,90.00,90.00,60.00,0.00,0
"B-06G","CMG",0.00,1751397.80,451268.60,100.50,13076.00,196.00,4.42,36.10,0.00,0,35,0,0,35,0,1,3,"B-06S",0,3,16.00,90.00,180.00,60.00,0.00,1
"B-06X","CMX",0.00,1764254.84,448885.68,100.50,0.00,286.00,5.89,33.00,0.00,0,35,0,0,35,0,1,4,"B-06G",0,4,16.00,90.00,180.00,60.00,0.00,1
"B-07L","LW",250.00,1751607.89,451030.32,100.50,12540.00,1200.00,1.00,99.00,250.00,0,35,0,0,35,0,1,2,"B-06X",0,0,0.00,0.00,0.00,0.00,0.00,0
"B-07S","CMS",0.00,1763719.23,447565.18,10.50,1200.00,286.00,6.84,38.30,0.00,0,35,0,0,35,0,1,5,"B-07L",0,4,16.00,90.00,90.00,60.00,0.00,0
"B-07G","CMG",0.00,1751143.40,449895.97,100.50,13076.00,196.00,4.42,36.10,0.00,0,35,0,0,35,0,1,3,"B-07S",0,3,16.00,90.00,180.00,60.00,0.00,1
"B-07X","CMX",0.00,1764000.44,447513.06,100.50,0.00,286.00,5.89,33.00,0.00,0,35,0,0,35,0,1,4,"B-07G",0,4,16.00,90.00,180.00,60.00,0.00,1
"B-08L","LW",250.00,1751353.49,449657.69,100.50,12540.00,1200.00,1.00,99.00,250.00,0,35,0,0,35,0,1,2,"B-07X",0,0,0.00,0.00,0.00,0.00,0.00,0
"B-08S","CMS",0.00,1763464.83,446192.55,10.50,1200.00,286.00,6.84,38.30,0.00,0,35,0,0,35,0,1,5,"B-08L",0,4,16.00,90.00,90.00,60.00,0.00,0
"B-08G","CMG",0.00,1750889.00,448523.35,100.50,13076.00,196.00,4.42,36.10,0.00,0,35,0,0,35,0,1,3,"B-08S",0,3,16.00,90.00,180.00,60.00,0.00,1
"B-08X","CMX",0.00,1763746.04,446140.44,100.50,0.00,286.00,5.89,33.00,0.00,0,35,0,0,35,0,1,4,"B-08G",0,4,16.00,90.00,180.00,60.00,0.00,1
"C-02G","CMG",0.00,1754312.81,466996.61,100.50,13076.00,196.00,4.42,36.10,0.00,0,35,0,0,35,0,1,3,"C-02S",0,3,16.00,90.00,180.00,60.00,0.00,1
"C-02X","CMX",0.00,1767169.85,464613.70,100.50,0.00,286.00,5.89,33.00,0.00,0,35,0,0,35,0,1,4,"C-02G",0,4,16.00,90.00,180.00,60.00,0.00,1
"C-03L","LW",250.00,1754522.91,466758.33,100.50,12540.00,1200.00,1.00,99.00,250.00,0,35,0,0,35,0,1,2,"C-02X",0,0,0.00,0.00,0.00,0.00,0.00,0
"C-03S","CMS",0.00,1766634.24,463293.20,10.50,1200.00,286.00,6.84,38.30,0.00,0,35,0,0,35,0,1,5,"C-03L",0,4,16.00,90.00,90.00,60.00,0.00,0
"C-03G","CMG",0.00,1754058.41,465623.99,100.50,13076.00,196.00,4.42,36.10,0.00,0,35,0,0,35,0,1,3,"C-03S",0,3,16.00,90.00,180.00,60.00,0.00,1
"A-02X","CMX",0.00,1763450.57,442815.41,100.50,0.00,286.00,5.89,33.00,0.00,0,35,0,0,35,0,1,4,"A-02G",0,4,16.00,90.00,180.00,60.00,0.00,1
"A-03X","CMX",0.00,1763212.57,441531.28,100.50,1465.16,286.00,5.89,33.00,0.00,0,35,0,0,35,0,1,4,"A-03G",0,4,16.00,90.00,180.00,60.00,0.00,1
"C-03X","CMX",0.00,1766915.45,463241.08,100.50,0.00,286.00,5.89,33.00,0.00,0,35,0,0,35,0,1,4,"C-03G",0,4,16.00,90.00,180.00,60.00,0.00,1
"C-04L","LW",250.00,1754268.51,465385.71,100.50,12540.00,1200.00,1.00,99.00,250.00,0,35,0,0,35,0,1,2,"C-03X",0,0,0.00,0.00,0.00,0.00,0.00,0
"C-04S","CMS",0.00,1766379.84,461920.57,10.50,1200.00,286.00,6.84,38.30,0.00,0,35,0,0,35,0,1,5,"C-04L",0,4,16.00,90.00,90.00,60.00,0.00,0
"C-04G","CMG",0.00,1753804.01,464251.36,100.50,13076.00,196.00,4.42,36.10,0.00,0,35,0,0,35,0,1,3,"C-04S",0,3,16.00,90.00,180.00,60.00,0.00,1
"C-04X","CMX",0.00,1766661.05,461868.45,100.50,0.00,286.00,5.89,33.00,0.00,0,35,0,0,35,0,1,4,"C-04G",0,4,16.00,90.00,180.00,60.00,0.00,1
"C-05L","LW",250.00,1754014.11,464013.09,100.50,12540.00,1200.00,1.00,99.00,250.00,0,35,0,0,35,0,1,2,"C-04X",0,0,0.00,0.00,0.00,0.00,0.00,0
"C-05S","CMS",0.00,1766125.44,460547.95,10.50,1200.00,286.00,6.84,38.30,0.00,0,35,0,0,35,0,1,5,"C-05L",0,4,16.00,90.00,90.00,60.00,0.00,0
"C-05G","CMG",0.00,1753549.61,462878.74,100.50,13076.00,196.00,4.42,36.10,0.00,0,35,0,0,35,0,1,3,"C-05S",0,3,16.00,90.00,180.00,60.00,0.00,1
"C-05X","CMX",0.00,1766406.65,460495.83,100.50,0.00,286.00,5.89,33.00,0.00,0,35,0,0,35,0,1,4,"C-05G",0,4,16.00,90.00,180.00,60.00,0.00,1
"C-06L","LW",250.00,1753759.71,462640.46,100.50,12540.00,1200.00,1.00,99.00,250.00,0,35,0,0,35,0,1,2,"C-05X",0,0,0.00,0.00,0.00,0.00,0.00,0
"C-06S","CMS",0.00,1765871.04,459175.32,10.50,1200.00,286.00,6.84,38.30,0.00,0,35,0,0,35,0,1,5,"C-06L",0,4,16.00,90.00,90.00,60.00,0.00,0
"C-06G","CMG",0.00,1753295.21,461506.12,100.50,13076.00,196.00,4.42,36.10,0.00,0,35,0,0,35,0,1,3,"C-06S",0,3,16.00,90.00,180.00,60.00,0.00,1
"C-06X","CMX",0.00,1766152.25,459123.20,100.50,0.00,286.00,5.89,33.00,0.00,0,35,0,0,35,0,1,4,"C-06G",0,4,16.00,90.00,180.00,60.00,0.00,1
"C-07L","LW",250.00,1753505.31,461267.84,100.50,12540.00,1200.00,1.00,99.00,250.00,0,35,0,0,35,0,1,2,"C-06X",0,0,0.00,0.00,0.00,0.00,0.00,0
"C-07S","CMS",0.00,1765616.64,457802.70,10.50,1200.00,286.00,6.84,38.30,0.00,0,35,0,0,35,0,1,5,"C-07L",0,4,16.00,90.00,90.00,60.00,0.00,0
"C-07G","CMG",0.00,1753040.81,460133.49,100.50,13076.00,196.00,4.42,36.10,0.00,0,35,0,0,35,0,1,3,"C-07S",0,3,16.00,90.00,180.00,60.00,0.00,1
"C-07X","CMX",0.00,1765897.85,457750.58,100.50,0.00,286.00,5.89,33.00,0.00,0,35,0,0,35,0,1,4,"C-07G",0,4,16.00,90.00,180.00,60.00,0.00,1
"D-07L","LW",250.00,1749172.31,444177.66,280.50,13000.00,1200.00,1.00,99.00,250.00,0,35,0,0,35,0,1,2,"D-06X",0,0,0.00,0.00,0.00,0.00,0.00,0
"D-07S","CMS",0.00,1736608.68,447726.63,190.50,1200.00,286.00,6.84,38.30,0.00,0,35,0,0,35,0,1,5,"D-07L",0,4,16.00,90.00,90.00,60.00,0.00,0
"D-07G","CMG",0.00,1749636.81,445312.01,280.50,13536.00,196.00,4.42,36.10,0.00,0,35,0,0,35,0,1,3,"D-07S",0,3,16.00,90.00,180.00,60.00,0.00,1
"D-07X","CMX",0.00,1736327.47,447778.75,280.50,0.00,286.00,5.89,33.00,0.00,0,35,0,0,35,0,1,4,"D-07G",0,4,16.00,90.00,180.00,60.00,0.00,1
"D-08L","LW",250.00,1749426.71,445550.29,280.50,13000.00,1200.00,1.00,99.00,250.00,0,35,0,0,35,0,1,2,"D-07X",0,0,0.00,0.00,0.00,0.00,0.00,0
"D-08S","CMS",0.00,1736863.08,449099.25,190.50,1200.00,286.00,6.84,38.30,0.00,0,35,0,0,35,0,1,5,"D-08L",0,4,16.00,90.00,90.00,60.00,0.00,0
"D-08G","CMG",0.00,1749891.21,446684.63,280.50,13536.00,196.00,4.42,36.10,0.00,0,35,0,0,35,0,1,3,"D-08S",0,3,16.00,90.00,180.00,60.00,0.00,1
"D-08X","CMX",0.00,1736581.87,449151.37,280.50,0.00,286.00,5.89,33.00,0.00,0,35,0,0,35,0,1,4,"D-08G",0,4,16.00,90.00,180.00,60.00,0.00,1
"E-07L","LW",250.00,1751315.97,455743.81,280.50,13000.00,1200.00,1.00,99.00,250.00,0,35,0,0,35,0,1,2,"E-06X",0,0,0.00,0.00,0.00,0.00,0.00,0
"E-07S","CMS",0.00,1738752.34,459292.77,190.50,1200.00,286.00,6.84,38.30,0.00,0,35,0,0,35,0,1,5,"E-07L",0,4,16.00,90.00,90.00,60.00,0.00,0
"E-07G","CMG",0.00,1751780.47,456878.15,280.50,12131.06,196.00,4.42,36.10,0.00,0,35,0,0,35,0,1,3,"E-07S",0,3,16.00,90.00,180.00,60.00,0.00,1
"E-07X","CMX",0.00,1739852.53,459088.86,280.50,1404.93,286.00,5.89,33.00,0.00,0,35,0,0,35,0,1,4,"E-07G",0,4,16.00,90.00,180.00,60.00,0.00,1
"E-08L","LW",250.00,1751570.37,457116.43,280.50,11595.06,1200.00,1.00,99.00,250.00,0,35,0,0,35,0,1,2,"E-07X",0,0,0.00,0.00,0.00,0.00,0.00,0
"E-08S","CMS",0.00,1740388.15,460409.37,190.50,1200.00,286.00,6.84,38.30,0.00,0,35,0,0,35,0,1,5,"E-08L",0,4,16.00,90.00,90.00,60.00,0.00,0
"E-08G","CMG",0.00,1752034.87,458250.78,280.50,12131.06,196.00,4.42,36.10,0.00,0,35,0,0,35,0,1,3,"E-08S",0,3,16.00,90.00,180.00,60.00,0.00,1
"E-08X","CMX",0.00,1740106.93,460461.49,280.50,0.00,286.00,5.89,33.00,0.00,0,35,0,0,35,0,1,4,"E-08G",0,4,16.00,90.00,180.00,60.00,0.00,1
"G-08L","LW",250.00,1719491.37,445645.68,280.50,14535.88,1200.00,1.00,99.00,250.00,0,35,0,0,35,0,1,2,"G-07X",0,0,0.00,0.00,0.00,0.00,0.00,0
"G-08S","CMS",0.00,1704917.90,448347.95,10.50,1200.00,286.00,6.84,38.30,0.00,0,35,0,0,35,0,1,5,"G-08L",0,4,16.00,90.00,90.00,60.00,0.00,0
"G-08G","CMG",0.00,1719701.44,445407.39,280.50,15083.46,196.00,4.42,36.10,0.00,0,35,0,0,35,0,1,3,"G-08S",0,3,16.00,90.00,180.00,60.00,0.00,1
"G-08X","CMX",0.00,1704854.37,448068.86,280.50,0.00,286.00,5.89,33.00,0.00,0,35,0,0,35,0,1,4,"G-08G",0,4,16.00,90.00,180.00,60.00,0.00,1
"G-09L","LW",250.00,1719236.85,444273.08,280.50,14547.46,1200.00,1.00,99.00,250.00,0,35,0,0,35,0,1,2,"G-08X",0,0,0.00,0.00,0.00,0.00,0.00,0
"G-09S","CMS",0.00,1704651.99,446977.46,10.50,1200.00,286.00,6.84,38.30,0.00,0,35,0,0,35,0,1,5,"G-09L",0,4,16.00,90.00,90.00,60.00,0.00,0
"G-09G","CMG",0.00,1719446.93,444034.78,280.50,15089.68,196.00,4.42,36.10,0.00,0,35,0,0,35,0,1,3,"G-09S",0,3,16.00,90.00,180.00,60.00,0.00,1
"G-09X","CMX",0.00,1704593.74,446697.39,280.50,0.00,286.00,5.89,33.00,0.00,0,35,0,0,35,0,1,4,"G-09G",0,4,16.00,90.00,180.00,60.00,0.00,1
"G-10L","LW",250.00,1718982.34,442900.47,280.50,14553.68,1200.00,1.00,99.00,250.00,0,35,0,0,35,0,1,2,"G-09X",0,0,0.00,0.00,0.00,0.00,0.00,0
"G-10S","CMS",0.00,1704391.37,445605.99,10.50,1200.00,286.00,6.84,38.30,0.00,0,35,0,0,35,0,1,5,"G-10L",0,4,16.00,90.00,90.00,60.00,0.00,0
"G-10G","CMG",0.00,1719192.42,442662.18,280.50,15089.68,196.00,4.42,36.10,0.00,0,35,0,0,35,0,1,3,"G-10S",0,3,16.00,90.00,180.00,60.00,0.00,1
"G-10X","CMX",0.00,1704339.22,445324.78,280.50,0.00,286.00,5.89,33.00,0.00,0,35,0,0,35,0,1,4,"G-10G",0,4,16.00,90.00,180.00,60.00,0.00,1
"G-11L","LW",250.00,1718727.83,441527.87,280.50,14537.28,1200.00,1.00,99.00,250.00,0,35,0,0,35,0,1,2,"G-10X",0,0,0.00,0.00,0.00,0.00,0.00,0
"G-11S","CMS",0.00,1704152.98,444230.40,10.50,1200.00,286.00,6.84,38.30,0.00,0,35,0,0,35,0,1,5,"G-11L",0,4,16.00,90.00,90.00,60.00,0.00,0
"G-11G","CMG",0.00,1718937.90,441289.58,280.50,15073.28,196.00,4.42,36.10,0.00,0,35,0,0,35,0,1,3,"G-11S",0,3,16.00,90.00,180.00,60.00,0.00,1
"G-11X","CMX",0.00,1704100.84,443949.19,280.50,0.00,286.00,5.89,33.00,0.00,0,35,0,0,35,0,1,4,"G-11G",0,4,16.00,90.00,180.00,60.00,0.00,1
"H-00G","CMG",0.00,1718768.00,439763.53,100.45,14536.00,196.00,4.42,36.10,0.00,0,35,0,0,35,0,1,3,,0,3,16.00,90.00,180.00,60.00,0.00,1
"H-01L","LW",250.00,1718978.28,439525.41,100.45,14000.00,1200.00,1.00,99.00,250.00,0,35,0,0,35,0,1,2,"H-00G",0,0,0.00,0.00,0.00,0.00,0.00,0
"H-01S","CMS",0.00,1732528.04,435804.66,10.45,1200.00,286.00,6.84,38.30,0.00,0,35,0,0,35,0,1,5,"H-01L",0,4,16.00,90.00,90.00,60.00,0.00,0
"H-01G","CMG",0.00,1718514.66,438390.71,100.45,14536.00,196.00,4.42,36.10,0.00,0,35,0,0,35,0,1,3,"H-01S",0,3,16.00,90.00,180.00,60.00,0.00,1
"H-01X","CMX",0.00,1732809.29,435752.76,100.45,0.00,286.00,5.89,33.00,0.00,0,35,0,0,35,0,1,4,"H-01G",0,4,16.00,90.00,180.00,60.00,0.00,1
"H-02L","LW",250.00,1718724.94,438152.59,100.45,14000.00,1200.00,1.00,99.00,250.00,0,35,0,0,35,0,1,2,"H-01X",0,0,0.00,0.00,0.00,0.00,0.00,0
"H-02S","CMS",0.00,1732274.70,434431.84,10.45,1200.00,286.00,6.84,38.30,0.00,0,35,0,0,35,0,1,5,"H-02L",0,4,16.00,90.00,90.00,60.00,0.00,0
"A-01G","CMG",0.00,1750537.79,446628.42,100.50,13379.24,196.00,4.42,36.10,0.00,0,35,0,0,35,0,1,3,"A-01S",0,3,16.00,90.00,180.00,60.00,0.00,1
"A-02L","LW",250.00,1750747.89,446390.15,100.50,12843.24,1200.00,1.00,99.00,250.00,0,35,0,0,35,0,1,2,"A-01X",0,0,0.00,0.00,0.00,0.00,0.00,0
"A-02S","CMS",0.00,1763157.39,442869.75,10.50,1200.00,286.00,6.84,38.30,0.00,0,35,0,0,35,0,1,5,"A-02L",0,4,16.00,90.00,90.00,60.00,0.00,0
"A-02G","CMG",0.00,1750283.39,445255.80,100.50,13391.42,196.00,4.42,36.10,0.00,0,35,0,0,35,0,1,3,"A-02S",0,3,16.00,90.00,180.00,60.00,0.00,1
"A-03L","LW",250.00,1750493.49,445017.52,100.50,12855.42,1200.00,1.00,99.00,250.00,0,35,0,0,35,0,1,2,"A-02X",0,0,0.00,0.00,0.00,0.00,0.00,0
"A-03S","CMS",0.00,1762914.96,441494.90,10.50,1200.00,286.00,6.84,38.30,0.00,0,35,0,0,35,0,1,5,"A-03L",0,4,16.00,90.00,90.00,60.00,0.00,0
"F-00G","CMG",0.00,1752165.73,458956.88,280.50,13536.00,196.00,4.42,36.10,0.00,0,35,0,0,35,0,1,3,,0,3,16.00,90.00,180.00,60.00,0.00,1
"F-01L","LW",250.00,1751955.64,459195.15,280.50,13000.00,1200.00,1.00,99.00,250.00,0,35,0,0,35,0,1,2,"F-00G",0,0,0.00,0.00,0.00,0.00,0.00,0
"H-02G","CMG",0.00,1718261.32,437017.89,100.45,11262.25,196.00,4.42,36.10,0.00,0,35,0,0,35,0,1,3,"H-02S",0,3,16.00,90.00,180.00,60.00,0.00,1
"H-02X","CMX",0.00,1729336.57,434974.04,100.45,3273.74,286.00,5.89,33.00,0.00,0,35,0,0,35,0,1,4,"H-02G",0,4,16.00,90.00,180.00,60.00,0.00,1
"H-03L","LW",250.00,1718471.59,436779.77,100.45,10726.25,1200.00,1.00,99.00,250.00,0,35,0,0,35,0,1,2,"H-02X",0,0,0.00,0.00,0.00,0.00,0.00,0
"H-03S","CMS",0.00,1728801.97,433653.13,10.45,1200.00,286.00,6.84,38.30,0.00,0,35,0,0,35,0,1,5,"H-03L",0,4,16.00,90.00,90.00,60.00,0.00,0
"H-03G","CMG",0.00,1718007.97,435645.07,100.45,11262.25,196.00,4.42,36.10,0.00,0,35,0,0,35,0,1,3,"H-03S",0,3,16.00,90.00,180.00,60.00,0.00,1
"H-03X","CMX",0.00,1729099.56,433689.73,100.45,464.28,286.00,5.89,33.00,0.00,0,35,0,0,35,0,1,4,"H-03G",0,4,16.00,90.00,180.00,60.00,0.00,1
"H-04L","LW",250.00,1718218.25,435406.95,100.45,11190.54,1200.00,1.00,99.00,250.00,0,35,0,0,35,0,1,2,"H-03X",0,0,0.00,0.00,0.00,0.00,0.00,0
"H-04S","CMS",0.00,1729005.21,432196.05,10.45,1200.00,286.00,6.84,38.30,0.00,0,35,0,0,35,0,1,5,"H-04L",0,4,16.00,90.00,90.00,60.00,0.00,0
"I-00G","CMG",0.00,1715791.12,427191.95,280.45,14536.00,196.00,4.42,36.10,0.00,0,35,0,0,35,0,1,3,,0,3,16.00,90.00,180.00,60.00,0.00,1
"I-01L","LW",250.00,1715580.84,427430.07,280.45,14000.00,1200.00,1.00,99.00,250.00,0,35,0,0,35,0,1,2,"I-00G",0,0,0.00,0.00,0.00,0.00,0.00,0
"F-01S","CMS",0.00,1739392.01,462744.12,190.50,1200.00,286.00,6.84,38.30,0.00,0,35,0,0,35,0,1,5,"F-01L",0,4,16.00,90.00,90.00,60.00,0.00,0
"F-01G","CMG",0.00,1752420.14,460329.50,280.50,13536.00,196.00,4.42,36.10,0.00,0,35,0,0,35,0,1,3,"F-01S",0,3,16.00,90.00,180.00,60.00,0.00,1
"F-01X","CMX",0.00,1739110.80,462796.24,280.50,0.00,286.00,5.89,33.00,0.00,0,35,0,0,35,0,1,4,"F-01G",0,4,16.00,90.00,180.00,60.00,0.00,1
"F-02L","LW",250.00,1752210.04,460567.78,280.50,13000.00,1200.00,1.00,99.00,250.00,0,35,0,0,35,0,1,2,"F-01X",0,0,0.00,0.00,0.00,0.00,0.00,0
"F-02S","CMS",0.00,1739646.41,464116.75,190.50,1200.00,286.00,6.84,38.30,0.00,0,35,0,0,35,0,1,5,"F-02L",0,4,16.00,90.00,90.00,60.00,0.00,0
"F-02G","CMG",0.00,1752674.54,461702.13,280.50,13536.00,196.00,4.42,36.10,0.00,0,35,0,0,35,0,1,3,"F-02S",0,3,16.00,90.00,180.00,60.00,0.00,1
"F-02X","CMX",0.00,1739365.20,464168.87,280.50,0.00,286.00,5.89,33.00,0.00,0,35,0,0,35,0,1,4,"F-02G",0,4,16.00,90.00,180.00,60.00,0.00,1
"F-03L","LW",250.00,1752464.44,461940.40,280.50,13000.00,1200.00,1.00,99.00,250.00,0,35,0,0,35,0,1,2,"F-02X",0,0,0.00,0.00,0.00,0.00,0.00,0
"F-03S","CMS",0.00,1739900.81,465489.37,190.50,1200.00,286.00,6.84,38.30,0.00,0,35,0,0,35,0,1,5,"F-03L",0,4,16.00,90.00,90.00,60.00,0.00,0
"F-03G","CMG",0.00,1752928.94,463074.75,280.50,13536.00,196.00,4.42,36.10,0.00,0,35,0,0,35,0,1,3,"F-03S",0,3,16.00,90.00,180.00,60.00,0.00,1
"F-03X","CMX",0.00,1739619.60,465541.49,280.50,0.00,286.00,5.89,33.00,0.00,0,35,0,0,35,0,1,4,"F-03G",0,4,16.00,90.00,180.00,60.00,0.00,1
"F-04L","LW",250.00,1752718.84,463313.03,280.50,13000.00,1200.00,1.00,99.00,250.00,0,35,0,0,35,0,1,2,"F-03X",0,0,0.00,0.00,0.00,0.00,0.00,0
"F-04S","CMS",0.00,1740155.21,466861.99,190.50,1200.00,286.00,6.84,38.30,0.00,0,35,0,0,35,0,1,5,"F-04L",0,4,16.00,90.00,90.00,60.00,0.00,0
"F-04G","CMG",0.00,1753183.34,464447.37,280.50,13536.00,196.00,4.42,36.10,0.00,0,35,0,0,35,0,1,3,"F-04S",0,3,16.00,90.00,180.00,60.00,0.00,1
"F-04X","CMX",0.00,1739874.00,466914.11,280.50,0.00,286.00,5.89,33.00,0.00,0,35,0,0,35,0,1,4,"F-04G",0,4,16.00,90.00,180.00,60.00,0.00,1
"F-05L","LW",250.00,1752973.24,464685.65,280.50,13000.00,1200.00,1.00,99.00,250.00,0,35,0,0,35,0,1,2,"F-04X",0,0,0.00,0.00,0.00,0.00,0.00,0
"F-05S","CMS",0.00,1740409.61,468234.62,190.50,1200.00,286.00,6.84,38.30,0.00,0,35,0,0,35,0,1,5,"F-05L",0,4,16.00,90.00,90.00,60.00,0.00,0
"F-05G","CMG",0.00,1753437.74,465820.00,280.50,13536.00,196.00,4.42,36.10,0.00,0,35,0,0,35,0,1,3,"F-05S",0,3,16.00,90.00,180.00,60.00,0.00,1
"F-05X","CMX",0.00,1740128.40,468286.74,280.50,0.00,286.00,5.89,33.00,0.00,0,35,0,0,35,0,1,4,"F-05G",0,4,16.00,90.00,180.00,60.00,0.00,1
"F-06L","LW",250.00,1753227.64,466058.27,280.50,13000.00,1200.00,1.00,99.00,250.00,0,35,0,0,35,0,1,2,"F-05X",0,0,0.00,0.00,0.00,0.00,0.00,0
"F-06S","CMS",0.00,1740664.01,469607.24,190.50,1200.00,286.00,6.84,38.30,0.00,0,35,0,0,35,0,1,5,"F-06L",0,4,16.00,90.00,90.00,60.00,0.00,0
"F-06G","CMG",0.00,1753692.14,467192.62,280.50,13536.00,196.00,4.42,36.10,0.00,0,35,0,0,35,0,1,3,"F-06S",0,3,16.00,90.00,180.00,60.00,0.00,1
"F-06X","CMX",0.00,1740382.80,469659.36,280.50,0.00,286.00,5.89,33.00,0.00,0,35,0,0,35,0,1,4,"F-06G",0,4,16.00,90.00,180.00,60.00,0.00,1
"F-07L","LW",250.00,1753482.04,467430.90,280.50,13000.00,1200.00,1.00,99.00,250.00,0,35,0,0,35,0,1,2,"F-06X",0,0,0.00,0.00,0.00,0.00,0.00,0
"F-07S","CMS",0.00,1740918.41,470979.87,190.50,1200.00,286.00,6.84,38.30,0.00,0,35,0,0,35,0,1,5,"F-07L",0,4,16.00,90.00,90.00,60.00,0.00,0
"F-07G","CMG",0.00,1753946.54,468565.24,280.50,13536.00,196.00,4.42,36.10,0.00,0,35,0,0,35,0,1,3,"F-07S",0,3,16.00,90.00,180.00,60.00,0.00,1
"F-07X","CMX",0.00,1740637.20,471031.98,280.50,0.00,286.00,5.89,33.00,0.00,0,35,0,0,35,0,1,4,"F-07G",0,4,16.00,90.00,180.00,60.00,0.00,1
"F-08L","LW",250.00,1753736.44,468803.52,280.50,13000.00,1200.00,1.00,99.00,250.00,0,35,0,0,35,0,1,2,"F-07X",0,0,0.00,0.00,0.00,0.00,0.00,0
"F-08S","CMS",0.00,1741172.81,472352.49,190.50,1200.00,286.00,6.84,38.30,0.00,0,35,0,0,35,0,1,5,"F-08L",0,4,16.00,90.00,90.00,60.00,0.00,0
"F-08G","CMG",0.00,1754200.94,469937.87,280.50,13536.00,196.00,4.42,36.10,0.00,0,35,0,0,35,0,1,3,"F-08S",0,3,16.00,90.00,180.00,60.00,0.00,1
"F-08X","CMX",0.00,1740891.60,472404.61,280.50,0.00,286.00,5.89,33.00,0.00,0,35,0,0,35,0,1,4,"F-08G",0,4,16.00,90.00,180.00,60.00,0.00,1
"I-01S","CMS",0.00,1702031.08,431150.82,190.45,1200.00,286.00,6.84,38.30,0.00,0,35,0,0,35,0,1,5,"I-01L",0,4,16.00,90.00,90.00,60.00,0.00,0
"I-01G","CMG",0.00,1716044.46,428564.77,280.45,14536.00,196.00,4.42,36.10,0.00,0,35,0,0,35,0,1,3,"I-01S",0,3,16.00,90.00,180.00,60.00,0.00,1
"I-01X","CMX",0.00,1701749.83,431202.72,280.45,0.00,286.00,5.89,33.00,0.00,0,35,0,0,35,0,1,4,"I-01G",0,4,16.00,90.00,180.00,60.00,0.00,1
"I-02L","LW",250.00,1715834.18,428802.89,280.45,14000.00,1200.00,1.00,99.00,250.00,0,35,0,0,35,0,1,2,"I-01X",0,0,0.00,0.00,0.00,0.00,0.00,0
"I-02S","CMS",0.00,1702284.42,432523.64,190.45,1200.00,286.00,6.84,38.30,0.00,0,35,0,0,35,0,1,5,"I-02L",0,4,16.00,90.00,90.00,60.00,0.00,0
"I-02G","CMG",0.00,1716297.80,429937.59,280.45,14536.00,196.00,4.42,36.10,0.00,0,35,0,0,35,0,1,3,"I-02S",0,3,16.00,90.00,180.00,60.00,0.00,1
"I-02X","CMX",0.00,1702003.17,432575.54,280.45,0.00,286.00,5.89,33.00,0.00,0,35,0,0,35,0,1,4,"I-02G",0,4,16.00,90.00,180.00,60.00,0.00,1
"G-00G","CMG",0.00,1719606.61,441352.66,100.50,14536.00,196.00,4.42,36.10,0.00,0,35,0,0,35,0,1,3,,0,3,16.00,90.00,180.00,60.00,0.00,1
"G-01L","LW",250.00,1720071.20,442486.97,100.50,14000.00,1200.00,1.00,99.00,250.00,0,35,0,0,35,0,1,2,"G-00G",0,0,0.00,0.00,0.00,0.00,0.00,0
"G-01S","CMS",0.00,1734117.77,439882.40,190.50,1200.00,286.00,6.84,38.30,0.00,0,35,0,0,35,0,1,5,"G-01L",0,4,16.00,90.00,90.00,60.00,0.00,0
"G-01G","CMG",0.00,1719861.12,442725.26,100.50,14536.00,196.00,4.42,36.10,0.00,0,35,0,0,35,0,1,3,"G-01S",0,3,16.00,90.00,180.00,60.00,0.00,1
"G-01X","CMX",0.00,1734169.91,440163.60,100.50,0.00,286.00,5.89,33.00,0.00,0,35,0,0,35,0,1,4,"G-01G",0,4,16.00,90.00,180.00,60.00,0.00,1
"G-02L","LW",250.00,1720325.71,443859.57,100.50,14000.00,1200.00,1.00,99.00,250.00,0,35,0,0,35,0,1,2,"G-01X",0,0,0.00,0.00,0.00,0.00,0.00,0
"G-02S","CMS",0.00,1734372.28,441255.00,190.50,1200.00,286.00,6.84,38.30,0.00,0,35,0,0,35,0,1,5,"G-02L",0,4,16.00,90.00,90.00,60.00,0.00,0
"G-02G","CMG",0.00,1720115.64,444097.86,100.50,14536.00,196.00,4.42,36.10,0.00,0,35,0,0,35,0,1,3,"G-02S",0,3,16.00,90.00,180.00,60.00,0.00,1
"G-02X","CMX",0.00,1734424.42,441536.21,100.50,0.00,286.00,5.89,33.00,0.00,0,35,0,0,35,0,1,4,"G-02G",0,4,16.00,90.00,180.00,60.00,0.00,1
"G-03L","LW",250.00,1720580.23,445232.17,100.50,14000.00,1200.00,1.00,99.00,250.00,0,35,0,0,35,0,1,2,"G-02X",0,0,0.00,0.00,0.00,0.00,0.00,0
"G-03S","CMS",0.00,1734626.79,442627.60,190.50,1200.00,286.00,6.84,38.30,0.00,0,35,0,0,35,0,1,5,"G-03L",0,4,16.00,90.00,90.00,60.00,0.00,0
"G-03G","CMG",0.00,1720370.15,445470.47,100.50,14536.00,196.00,4.42,36.10,0.00,0,35,0,0,35,0,1,3,"G-03S",0,3,16.00,90.00,180.00,60.00,0.00,1
"G-03X","CMX",0.00,1734678.93,442908.81,100.50,0.00,286.00,5.89,33.00,0.00,0,35,0,0,35,0,1,4,"G-03G",0,4,16.00,90.00,180.00,60.00,0.00,1
"G-04L","LW",250.00,1720834.74,446604.78,100.50,14000.00,1200.00,1.00,99.00,250.00,0,35,0,0,35,0,1,2,"G-03X",0,0,0.00,0.00,0.00,0.00,0.00,0
"G-04S","CMS",0.00,1734881.31,444000.21,190.50,1200.00,286.00,6.84,38.30,0.00,0,35,0,0,35,0,1,5,"G-04L",0,4,16.00,90.00,90.00,60.00,0.00,0
"G-04G","CMG",0.00,1720624.66,446843.07,100.50,14536.00,196.00,4.42,36.10,0.00,0,35,0,0,35,0,1,3,"G-04S",0,3,16.00,90.00,180.00,60.00,0.00,1
"G-04X","CMX",0.00,1734933.45,444281.41,100.50,0.00,286.00,5.89,33.00,0.00,0,35,0,0,35,0,1,4,"G-04G",0,4,16.00,90.00,180.00,60.00,0.00,1
"G-05L","LW",250.00,1721089.25,447977.38,100.50,14000.00,1200.00,1.00,99.00,250.00,0,35,0,0,35,0,1,2,"G-04X",0,0,0.00,0.00,0.00,0.00,0.00,0
"G-05S","CMS",0.00,1735135.82,445372.81,190.50,1200.00,286.00,6.84,38.30,0.00,0,35,0,0,35,0,1,5,"G-05L",0,4,16.00,90.00,90.00,60.00,0.00,0
"G-05G","CMG",0.00,1720879.18,448215.67,100.50,14536.00,196.00,4.42,36.10,0.00,0,35,0,0,35,0,1,3,"G-05S",0,3,16.00,90.00,180.00,60.00,0.00,1
"G-05X","CMX",0.00,1735187.96,445654.02,100.50,0.00,286.00,5.89,33.00,0.00,0,35,0,0,35,0,1,4,"G-05G",0,4,16.00,90.00,180.00,60.00,0.00,1
"G-06G","CMG",0.00,1720210.47,448152.59,280.50,15059.44,196.00,4.42,36.10,0.00,0,35,0,0,35,0,1,3,,0,3,16.00,90.00,180.00,60.00,0.00,1
"G-07L","LW",250.00,1719745.88,447018.28,280.50,14523.44,1200.00,1.00,99.00,250.00,0,35,0,0,35,0,1,2,"G-06G",0,0,0.00,0.00,0.00,0.00,0.00,0
"I-03L","LW",250.00,1716087.52,430175.71,280.45,14000.00,1200.00,1.00,99.00,250.00,0,35,0,0,35,0,1,2,"I-02X",0,0,0.00,0.00,0.00,0.00,0.00,0
"I-03S","CMS",0.00,1702537.76,433896.46,190.45,1200.00,286.00,6.84,38.30,0.00,0,35,0,0,35,0,1,5,"I-03L",0,4,16.00,90.00,90.00,60.00,0.00,0
"I-03G","CMG",0.00,1716551.14,431310.41,280.45,14536.00,196.00,4.42,36.10,0.00,0,35,0,0,35,0,1,3,"I-03S",0,3,16.00,90.00,180.00,60.00,0.00,1
"G-07S","CMS",0.00,1705184.64,449718.28,10.50,1200.00,286.00,6.84,38.30,0.00,0,35,0,0,35,0,1,5,"G-07L",0,4,16.00,90.00,90.00,60.00,0.00,0
"G-07G","CMG",0.00,1719955.96,446779.99,280.50,15071.88,196.00,4.42,36.10,0.00,0,35,0,0,35,0,1,3,"G-07S",0,3,16.00,90.00,180.00,60.00,0.00,1
"G-07X","CMX",0.00,1705120.27,449439.35,280.50,0.00,286.00,5.89,33.00,0.00,0,35,0,0,35,0,1,4,"G-07G",0,4,16.00,90.00,180.00,60.00,0.00,1
"I-03X","CMX",0.00,1702256.51,433948.36,280.45,0.00,286.00,5.89,33.00,0.00,0,35,0,0,35,0,1,4,"I-03G",0,4,16.00,90.00,180.00,60.00,0.00,1
"I-04L","LW",250.00,1716340.86,431548.53,280.45,14000.00,1200.00,1.00,99.00,250.00,0,35,0,0,35,0,1,2,"I-03X",0,0,0.00,0.00,0.00,0.00,0.00,0
"I-04S","CMS",0.00,1702791.10,435269.28,190.45,1200.00,286.00,6.84,38.30,0.00,0,35,0,0,35,0,1,5,"I-04L",0,4,16.00,90.00,90.00,60.00,0.00,0
"D-00G","CMG",0.00,1747856.00,435703.64,280.50,13536.00,196.00,4.42,36.10,0.00,0,35,0,0,35,0,1,3,,0,3,16.00,90.00,180.00,60.00,0.00,1
"D-01L","LW",250.00,1747645.91,435941.92,280.50,13000.00,1200.00,1.00,99.00,250.00,0,35,0,0,35,0,1,2,"D-00G",0,0,0.00,0.00,0.00,0.00,0.00,0
"D-01S","CMS",0.00,1735082.28,439490.89,190.50,1200.00,286.00,6.84,38.30,0.00,0,35,0,0,35,0,1,5,"D-01L",0,4,16.00,90.00,90.00,60.00,0.00,0
"D-01G","CMG",0.00,1748110.40,437076.27,280.50,13536.00,196.00,4.42,36.10,0.00,0,35,0,0,35,0,1,3,"D-01S",0,3,16.00,90.00,180.00,60.00,0.00,1
"D-01X","CMX",0.00,1734801.06,439543.01,280.50,0.00,286.00,5.89,33.00,0.00,0,35,0,0,35,0,1,4,"D-01G",0,4,16.00,90.00,180.00,60.00,0.00,1
"D-02L","LW",250.00,1747900.31,437314.54,280.50,13000.00,1200.00,1.00,99.00,250.00,0,35,0,0,35,0,1,2,"D-01X",0,0,0.00,0.00,0.00,0.00,0.00,0
"D-02S","CMS",0.00,1735336.68,440863.51,190.50,1200.00,286.00,6.84,38.30,0.00,0,35,0,0,35,0,1,5,"D-02L",0,4,16.00,90.00,90.00,60.00,0.00,0
"D-02G","CMG",0.00,1748364.80,438448.89,280.50,13536.00,196.00,4.42,36.10,0.00,0,35,0,0,35,0,1,3,"D-02S",0,3,16.00,90.00,180.00,60.00,0.00,1
"D-02X","CMX",0.00,1735055.47,440915.63,280.50,0.00,286.00,5.89,33.00,0.00,0,35,0,0,35,0,1,4,"D-02G",0,4,16.00,90.00,180.00,60.00,0.00,1
"D-03L","LW",250.00,1748154.71,438687.17,280.50,13000.00,1200.00,1.00,99.00,250.00,0,35,0,0,35,0,1,2,"D-02X",0,0,0.00,0.00,0.00,0.00,0.00,0
"D-03S","CMS",0.00,1735591.08,442236.13,190.50,1200.00,286.00,6.84,38.30,0.00,0,35,0,0,35,0,1,5,"D-03L",0,4,16.00,90.00,90.00,60.00,0.00,0
"D-03G","CMG",0.00,1748619.20,439821.51,280.50,13536.00,196.00,4.42,36.10,0.00,0,35,0,0,35,0,1,3,"D-03S",0,3,16.00,90.00,180.00,60.00,0.00,1
"D-03X","CMX",0.00,1735309.87,442288.25,280.50,0.00,286.00,5.89,33.00,0.00,0,35,0,0,35,0,1,4,"D-03G",0,4,16.00,90.00,180.00,60.00,0.00,1
"D-04L","LW",250.00,1748409.11,440059.79,280.50,13000.00,1200.00,1.00,99.00,250.00,0,35,0,0,35,0,1,2,"D-03X",0,0,0.00,0.00,0.00,0.00,0.00,0
"D-04S","CMS",0.00,1735845.48,443608.76,190.50,1200.00,286.00,6.84,38.30,0.00,0,35,0,0,35,0,1,5,"D-04L",0,4,16.00,90.00,90.00,60.00,0.00,0
"D-04G","CMG",0.00,1748873.61,441194.14,280.50,13536.00,196.00,4.42,36.10,0.00,0,35,0,0,35,0,1,3,"D-04S",0,3,16.00,90.00,180.00,60.00,0.00,1
"D-04X","CMX",0.00,1735564.27,443660.88,280.50,0.00,286.00,5.89,33.00,0.00,0,35,0,0,35,0,1,4,"D-04G",0,4,16.00,90.00,180.00,60.00,0.00,1
"D-05L","LW",250.00,1748663.51,441432.41,280.50,13000.00,1200.00,1.00,99.00,250.00,0,35,0,0,35,0,1,2,"D-04X",0,0,0.00,0.00,0.00,0.00,0.00,0
"D-05S","CMS",0.00,1736099.88,444981.38,190.50,1200.00,286.00,6.84,38.30,0.00,0,35,0,0,35,0,1,5,"D-05L",0,4,16.00,90.00,90.00,60.00,0.00,0
"D-05G","CMG",0.00,1749128.01,442566.76,280.50,13536.00,196.00,4.42,36.10,0.00,0,35,0,0,35,0,1,3,"D-05S",0,3,16.00,90.00,180.00,60.00,0.00,1
"D-05X","CMX",0.00,1735818.67,445033.50,280.50,0.00,286.00,5.89,33.00,0.00,0,35,0,0,35,0,1,4,"D-05G",0,4,16.00,90.00,180.00,60.00,0.00,1
"D-06L","LW",250.00,1748917.91,442805.04,280.50,13000.00,1200.00,1.00,99.00,250.00,0,35,0,0,35,0,1,2,"D-05X",0,0,0.00,0.00,0.00,0.00,0.00,0
"D-06S","CMS",0.00,1736354.28,446354.01,190.50,1200.00,286.00,6.84,38.30,0.00,0,35,0,0,35,0,1,5,"D-06L",0,4,16.00,90.00,90.00,60.00,0.00,0
"D-06G","CMG",0.00,1749382.41,443939.39,280.50,13536.00,196.00,4.42,36.10,0.00,0,35,0,0,35,0,1,3,"D-06S",0,3,16.00,90.00,180.00,60.00,0.00,1
"D-06X","CMX",0.00,1736073.07,446406.13,280.50,0.00,286.00,5.89,33.00,0.00,0,35,0,0,35,0,1,4,"D-06G",0,4,16.00,90.00,180.00,60.00,0.00,1
"E-00G","CMG",0.00,1749999.66,447269.79,280.50,13536.00,196.00,4.42,36.10,0.00,0,35,0,0,35,0,1,3,,0,3,16.00,90.00,180.00,60.00,0.00,1
"E-01L","LW",250.00,1749789.56,447508.06,280.50,13000.00,1200.00,1.00,99.00,250.00,0,35,0,0,35,0,1,2,"E-00G",0,0,0.00,0.00,0.00,0.00,0.00,0
"E-01S","CMS",0.00,1737225.93,451057.03,190.50,1200.00,286.00,6.84,38.30,0.00,0,35,0,0,35,0,1,5,"E-01L",0,4,16.00,90.00,90.00,60.00,0.00,0
"E-01G","CMG",0.00,1750254.06,448642.41,280.50,13536.00,196.00,4.42,36.10,0.00,0,35,0,0,35,0,1,3,"E-01S",0,3,16.00,90.00,180.00,60.00,0.00,1
"E-01X","CMX",0.00,1736944.72,451109.15,280.50,0.00,286.00,5.89,33.00,0.00,0,35,0,0,35,0,1,4,"E-01G",0,4,16.00,90.00,180.00,60.00,0.00,1
"E-02L","LW",250.00,1750043.97,448880.69,280.50,13000.00,1200.00,1.00,99.00,250.00,0,35,0,0,35,0,1,2,"E-01X",0,0,0.00,0.00,0.00,0.00,0.00,0
"E-02S","CMS",0.00,1737480.33,452429.65,190.50,1200.00,286.00,6.84,38.30,0.00,0,35,0,0,35,0,1,5,"E-02L",0,4,16.00,90.00,90.00,60.00,0.00,0
"E-02G","CMG",0.00,1750508.46,450015.03,280.50,13536.00,196.00,4.42,36.10,0.00,0,35,0,0,35,0,1,3,"E-02S",0,3,16.00,90.00,180.00,60.00,0.00,1
"E-02X","CMX",0.00,1737199.12,452481.77,280.50,0.00,286.00,5.89,33.00,0.00,0,35,0,0,35,0,1,4,"E-02G",0,4,16.00,90.00,180.00,60.00,0.00,1
"E-03L","LW",250.00,1750298.37,450253.31,280.50,13000.00,1200.00,1.00,99.00,250.00,0,35,0,0,35,0,1,2,"E-02X",0,0,0.00,0.00,0.00,0.00,0.00,0
"E-03S","CMS",0.00,1737734.74,453802.28,190.50,1200.00,286.00,6.84,38.30,0.00,0,35,0,0,35,0,1,5,"E-03L",0,4,16.00,90.00,90.00,60.00,0.00,0
"E-03G","CMG",0.00,1750762.86,451387.66,280.50,13536.00,196.00,4.42,36.10,0.00,0,35,0,0,35,0,1,3,"E-03S",0,3,16.00,90.00,180.00,60.00,0.00,1
"E-03X","CMX",0.00,1737453.52,453854.40,280.50,0.00,286.00,5.89,33.00,0.00,0,35,0,0,35,0,1,4,"E-03G",0,4,16.00,90.00,180.00,60.00,0.00,1
"E-04L","LW",250.00,1750552.77,451625.93,280.50,13000.00,1200.00,1.00,99.00,250.00,0,35,0,0,35,0,1,2,"E-03X",0,0,0.00,0.00,0.00,0.00,0.00,0
"E-04S","CMS",0.00,1737989.14,455174.90,190.50,1200.00,286.00,6.84,38.30,0.00,0,35,0,0,35,0,1,5,"E-04L",0,4,16.00,90.00,90.00,60.00,0.00,0
"E-04G","CMG",0.00,1751017.26,452760.28,280.50,13536.00,196.00,4.42,36.10,0.00,0,35,0,0,35,0,1,3,"E-04S",0,3,16.00,90.00,180.00,60.00,0.00,1
"E-04X","CMX",0.00,1737707.93,455227.02,280.50,0.00,286.00,5.89,33.00,0.00,0,35,0,0,35,0,1,4,"E-04G",0,4,16.00,90.00,180.00,60.00,0.00,1
"E-05L","LW",250.00,1750807.17,452998.56,280.50,13000.00,1200.00,1.00,99.00,250.00,0,35,0,0,35,0,1,2,"E-04X",0,0,0.00,0.00,0.00,0.00,0.00,0
"E-05S","CMS",0.00,1738243.54,456547.53,190.50,1200.00,286.00,6.84,38.30,0.00,0,35,0,0,35,0,1,5,"E-05L",0,4,16.00,90.00,90.00,60.00,0.00,0
"E-05G","CMG",0.00,1751271.66,454132.90,280.50,13536.00,196.00,4.42,36.10,0.00,0,35,0,0,35,0,1,3,"E-05S",0,3,16.00,90.00,180.00,60.00,0.00,1
"E-05X","CMX",0.00,1737962.33,456599.64,280.50,0.00,286.00,5.89,33.00,0.00,0,35,0,0,35,0,1,4,"E-05G",0,4,16.00,90.00,180.00,60.00,0.00,1
"E-06L","LW",250.00,1751061.57,454371.18,280.50,13000.00,1200.00,1.00,99.00,250.00,0,35,0,0,35,0,1,2,"E-05X",0,0,0.00,0.00,0.00,0.00,0.00,0
"E-06S","CMS",0.00,1738497.94,457920.15,190.50,1200.00,286.00,6.84,38.30,0.00,0,35,0,0,35,0,1,5,"E-06L",0,4,16.00,90.00,90.00,60.00,0.00,0
"E-06G","CMG",0.00,1751526.07,455505.53,280.50,13536.00,196.00,4.42,36.10,0.00,0,35,0,0,35,0,1,3,"E-06S",0,3,16.00,90.00,180.00,60.00,0.00,1
"E-06X","CMX",0.00,1738216.73,457972.27,280.50,0.00,286.00,5.89,33.00,0.00,0,35,0,0,35,0,1,4,"E-06G",0,4,16.00,90.00,180.00,60.00,0.00,1
"H-04G","CMG",0.00,1717754.63,434272.25,100.45,11726.54,196.00,4.42,36.10,0.00,0,35,0,0,35,0,1,3,"H-04S",0,3,16.00,90.00,180.00,60.00,0.00,1
"H-04X","CMX",0.00,1729302.80,432232.65,100.45,786.23,286.00,5.89,33.00,0.00,0,35,0,0,35,0,1,4,"H-04G",0,4,16.00,90.00,180.00,60.00,0.00,1
"H-05L","LW",250.00,1717964.91,434034.13,100.45,11976.78,1200.00,1.00,99.00,250.00,0,35,0,0,35,0,1,2,"H-04X",0,0,0.00,0.00,0.00,0.00,0.00,0
"H-05S","CMS",0.00,1729525.05,430680.55,10.45,1200.00,286.00,6.84,38.30,0.00,0,35,0,0,35,0,1,5,"H-05L",0,4,16.00,90.00,90.00,60.00,0.00,0
"H-05G","CMG",0.00,1717501.29,432899.43,100.45,12512.78,196.00,4.42,36.10,0.00,0,35,0,0,35,0,1,3,"H-05S",0,3,16.00,90.00,180.00,60.00,0.00,1
"H-05X","CMX",0.00,1729822.63,430717.15,100.45,960.88,286.00,5.89,33.00,0.00,0,35,0,0,35,0,1,4,"H-05G",0,4,16.00,90.00,180.00,60.00,0.00,1
"H-06L","LW",250.00,1717711.57,432661.31,100.45,12937.66,1200.00,1.00,99.00,250.00,0,35,0,0,35,0,1,2,"H-05X",0,0,0.00,0.00,0.00,0.00,0.00,0
"H-06S","CMS",0.00,1730216.64,429133.35,10.45,1200.00,286.00,6.84,38.30,0.00,0,35,0,0,35,0,1,5,"H-06L",0,4,16.00,90.00,90.00,60.00,0.00,0
"H-06G","CMG",0.00,1717247.95,431526.61,100.45,13473.66,196.00,4.42,36.10,0.00,0,35,0,0,35,0,1,3,"H-06S",0,3,16.00,90.00,180.00,60.00,0.00,1
"H-06X","CMX",0.00,1730514.22,429169.95,100.45,1062.33,286.00,5.89,33.00,0.00,0,35,0,0,35,0,1,4,"H-06G",0,4,16.00,90.00,180.00,60.00,0.00,1
"H-07L","LW",250.00,1717458.23,431288.49,100.45,14000.00,1200.00,1.00,99.00,250.00,0,35,0,0,35,0,1,2,"H-06X",0,0,0.00,0.00,0.00,0.00,0.00,0
"H-07S","CMS",0.00,1731007.99,427567.74,10.45,1200.00,286.00,6.84,38.30,0.00,0,35,0,0,35,0,1,5,"H-07L",0,4,16.00,90.00,90.00,60.00,0.00,0
"H-07G","CMG",0.00,1716994.61,430153.79,100.45,14536.00,196.00,4.42,36.10,0.00,0,35,0,0,35,0,1,3,"H-07S",0,3,16.00,90.00,180.00,60.00,0.00,1
"H-07X","CMX",0.00,1731289.24,427515.84,100.45,0.00,286.00,5.89,33.00,0.00,0,35,0,0,35,0,1,4,"H-07G",0,4,16.00,90.00,180.00,60.00,0.00,1
"H-08L","LW",250.00,1717204.89,429915.67,100.45,14000.00,1200.00,1.00,99.00,250.00,0,35,0,0,35,0,1,2,"H-07X",0,0,0.00,0.00,0.00,0.00,0.00,0
"H-08S","CMS",0.00,1730754.65,426194.92,10.45,1200.00,286.00,6.84,38.30,0.00,0,35,0,0,35,0,1,5,"H-08L",0,4,16.00,90.00,90.00,60.00,0.00,0
"H-08G","CMG",0.00,1716741.26,428780.97,100.45,14536.00,196.00,4.42,36.10,0.00,0,35,0,0,35,0,1,3,"H-08S",0,3,16.00,90.00,180.00,60.00,0.00,1
"H-08X","CMX",0.00,1731035.90,426143.02,100.45,0.00,286.00,5.89,33.00,0.00,0,35,0,0,35,0,1,4,"H-08G",0,4,16.00,90.00,180.00,60.00,0.00,1
"H-09L","LW",250.00,1716951.54,428542.85,100.45,14000.00,1200.00,1.00,99.00,250.00,0,35,0,0,35,0,1,2,"H-08X",0,0,0.00,0.00,0.00,0.00,0.00,0
"H-09S","CMS",0.00,1730501.30,424822.10,10.45,1200.00,286.00,6.84,38.30,0.00,0,35,0,0,35,0,1,5,"H-09L",0,4,16.00,90.00,90.00,60.00,0.00,0
"H-09G","CMG",0.00,1716487.92,427408.15,100.45,14536.00,196.00,4.42,36.10,0.00,0,35,0,0,35,0,1,3,"H-09S",0,3,16.00,90.00,180.00,60.00,0.00,1
"H-09X","CMX",0.00,1730782.55,424770.20,100.45,0.00,286.00,5.89,33.00,0.00,0,35,0,0,35,0,1,4,"H-09G",0,4,16.00,90.00,180.00,60.00,0.00,1
"I-04G","CMG",0.00,1716804.49,432683.23,280.45,14536.00,196.00,4.42,36.10,0.00,0,35,0,0,35,0,1,3,"I-04S",0,3,16.00,90.00,180.00,60.00,0.00,1
"I-04X","CMX",0.00,1702509.85,435321.18,280.45,0.00,286.00,5.89,33.00,0.00,0,35,0,0,35,0,1,4,"I-04G",0,4,16.00,90.00,180.00,60.00,0.00,1
"I-05L","LW",250.00,1716594.21,432921.35,280.45,14000.00,1200.00,1.00,99.00,250.00,0,35,0,0,35,0,1,2,"I-04X",0,0,0.00,0.00,0.00,0.00,0.00,0
"I-05S","CMS",0.00,1703044.45,436642.10,190.45,1200.00,286.00,6.84,38.30,0.00,0,35,0,0,35,0,1,5,"I-05L",0,4,16.00,90.00,90.00,60.00,0.00,0
"I-05G","CMG",0.00,1717057.83,434056.05,280.45,14536.00,196.00,4.42,36.10,0.00,0,35,0,0,35,0,1,3,"I-05S",0,3,16.00,90.00,180.00,60.00,0.00,1
"I-05X","CMX",0.00,1702763.19,436694.00,280.45,0.00,286.00,5.89,33.00,0.00,0,35,0,0,35,0,1,4,"I-05G",0,4,16.00,90.00,180.00,60.00,0.00,1
"I-06L","LW",250.00,1716847.55,434294.17,280.45,14000.00,1200.00,1.00,99.00,250.00,0,35,0,0,35,0,1,2,"I-05X",0,0,0.00,0.00,0.00,0.00,0.00,0
"I-06S","CMS",0.00,1703297.79,438014.92,190.45,1200.00,286.00,6.84,38.30,0.00,0,35,0,0,35,0,1,5,"I-06L",0,4,16.00,90.00,90.00,60.00,0.00,0
"I-06G","CMG",0.00,1717311.17,435428.87,280.45,14536.00,196.00,4.42,36.10,0.00,0,35,0,0,35,0,1,3,"I-06S",0,3,16.00,90.00,180.00,60.00,0.00,1
"I-06X","CMX",0.00,1703016.54,438066.82,280.45,0.00,286.00,5.89,33.00,0.00,0,35,0,0,35,0,1,4,"I-06G",0,4,16.00,90.00,180.00,60.00,0.00,1
"I-07L","LW",250.00,1717100.89,435666.99,280.45,14000.00,1200.00,1.00,99.00,250.00,0,35,0,0,35,0,1,2,"I-06X",0,0,0.00,0.00,0.00,0.00,0.00,0
"I-07S","CMS",0.00,1703551.13,439387.74,190.45,1200.00,286.00,6.84,38.30,0.00,0,35,0,0,35,0,1,5,"I-07L",0,4,16.00,90.00,90.00,60.00,0.00,0
"I-07G","CMG",0.00,1717564.51,436801.69,280.45,14536.00,196.00,4.42,36.10,0.00,0,35,0,0,35,0,1,3,"I-07S",0,3,16.00,90.00,180.00,60.00,0.00,1
"I-07X","CMX",0.00,1703269.88,439439.64,280.45,0.00,286.00,5.89,33.00,0.00,0,35,0,0,35,0,1,4,"I-07G",0,4,16.00,90.00,180.00,60.00,0.00,1
"I-08L","LW",4296.11,1713375.30,437774.08,280.45,9953.88,1200.00,1.00,99.00,4296.11,0,35,0,0,35,0,1,2,"I-07X",0,0,0.00,0.00,0.00,0.00,0.00,0
"I-08S","CMS",0.00,1703804.47,440760.56,190.45,1200.00,286.00,6.84,38.30,0.00,0,35,0,0,35,0,1,5,"I-08L",0,4,16.00,90.00,90.00,60.00,0.00,0
"I-08G","CMG",0.00,1717817.85,438174.51,280.45,14536.00,196.00,4.42,36.10,0.00,0,35,0,0,35,0,1,3,"I-08S",0,3,16.00,90.00,180.00,60.00,0.00,1
"I-08X","CMX",0.00,1703523.22,440812.46,280.45,0.00,286.00,5.89,33.00,0.00,0,35,0,0,35,0,1,4,"I-08G",0,4,16.00,90.00,180.00,60.00,0.00,1
"I-09L","LW",250.00,1717607.57,438412.62,280.45,14000.00,1200.00,1.00,99.00,250.00,0,35,0,0,35,0,1,2,"I-08X",0,0,0.00,0.00,0.00,0.00,0.00,0
"I-09S","CMS",0.00,1704057.81,442133.38,190.45,1200.00,286.00,6.84,38.30,0.00,0,35,0,0,35,0,1,5,"I-09L",0,4,16.00,90.00,90.00,60.00,0.00,0
"I-09G","CMG",0.00,1718071.19,439547.33,280.45,14536.00,196.00,4.42,36.10,0.00,0,35,0,0,35,0,1,3,"I-09S",0,3,16.00,90.00,180.00,60.00,0.00,1
"I-09X","CMX",0.00,1703776.56,442185.28,280.45,0.00,286.00,5.89,33.00,0.00,0,35,0,0,35,0,1,4,"I-09G",0,4,16.00,90.00,180.00,60.00,0.00,1
"I-10L","LW",250.00,1717860.92,439785.44,280.45,14000.00,1200.00,1.00,99.00,250.00,0,35,0,0,35,0,1,2,"I-09X",0,0,0.00,0.00,0.00,0.00,0.00,0
"I-10S","CMS",0.00,1704311.16,443506.20,190.45,1200.00,286.00,6.84,38.30,0.00,0,35,0,0,35,0,1,5,"I-10L",0,4,16.00,90.00,90.00,60.00,0.00,0
"I-10G","CMG",0.00,1718324.54,440920.15,280.45,14536.00,196.00,4.42,36.10,0.00,0,35,0,0,35,0,1,3,"I-10S",0,3,16.00,90.00,180.00,60.00,0.00,1
"I-10X","CMX",0.00,1704029.90,443558.10,280.45,0.00,286.00,5.89,33.00,0.00,0,35,0,0,35,0,1,4,"I-10G",0,4,16.00,90.00,180.00,60.00,0.00,1
