"BEGIN","SECT","TYPE","UNIT","SUPER","SHIFTS","START","END","AREA","DAYS","LATE","LEAD","MAX_USED","PERIOD","MINING_HT","SG","RW_ASH","RW_SUL","RW_BTU","RW_VOL","RW_AFT_ID","RW_AFT_HW","RW_AFT_2HW","RW_AFT_FLD","YIELD","CL_ASH","CL_SUL","CL_BTU","CL_VOL","CL_FSI","CL_INERTS","CL_REFLECT","CL_FLUID","CL_AFT_ID","CL_AFT_HW","CL_AFT_2HW","CL_AFT_FLD","RAW_TONS","CLEAN_TONS","SEAM_HT","PCT_WASHED","RAW_MOISTURE","CLEAN_MOISTURE"
11/4/91 0:00:00,"A02-AA","CM","CMA","XXXXX",47.50,6442.00,7843.25,105093.75,1048377776,0,0,0,"M",7.96,1.57,30.35,1.89,9580,24.75,0,0,0,0,66.40,6.94,2.02,13084,35.43,0.00,17.24,0.82,9777,0,0,0,0,41081.90,27274.11,7.26,100.00,6.00,6.00
11/4/91 0:00:00,"1N-MA","CM","CM1N","XXXXX",48.00,5773.00,6118.12,74545.91,1048377776,0,0,0,"M",8.50,1.57,31.23,2.16,9061,22.53,0,0,0,0,66.37,7.41,2.32,13025,36.45,0.00,17.88,0.82,11434,0,0,0,0,31158.66,20680.41,7.80,100.00,6.00,6.00
11/4/91 0:00:00,"2N-MA","CM","CM2N","XXXXX",19.00,1718.00,1865.25,27830.25,1048377776,0,0,0,"M",8.44,1.55,30.42,1.87,9192,24.39,0,0,0,0,67.55,6.80,1.90,12782,35.39,0.00,17.18,0.82,9654,0,0,0,0,11434.42,7724.37,7.74,100.00,6.00,6.00
11/4/91 0:00:00,"TG-B-","CM","CMTG","XXXXX",39.90,1340.00,2517.05,88278.74,1048377776,0,0,0,"M",8.40,1.60,31.98,1.61,8903,26.06,0,0,0,0,63.43,6.99,1.62,13071,35.36,0.00,17.16,0.82,9714,0,0,0,0,37166.56,23487.60,7.70,100.00,6.00,6.00
11/4/91 0:00:00,"A01-L","LW","LW","XXXXX",45.60,5007.00,3795.86,890184.95,1048377776,0,0,0,"M",6.27,1.46,20.55,2.20,10736,29.61,0,0,0,0,78.49,6.24,1.91,13219,36.13,7.61,18.04,0.81,11747,2158,2246,2314,2450,254751.87,199963.47,5.57,100.00,6.00,6.00
11/18/91 0:00:00,"A03-AA","CM","CMBL","XXXXX",20.00,0.00,590.00,44250.00,1048313856,0,0,0,"M",8.66,1.57,31.29,2.04,9068,21.63,0,0,0,0,66.50,7.43,2.14,13028,36.67,0.00,17.78,0.82,10521,0,0,0,0,18845.97,12533.60,7.96,100.00,6.00,6.00
12/2/91 0:00:00,"A02-AA","CM","CMA","XXXXX",37.50,7843.25,8949.50,82968.75,4079228,0,0,0,"M",8.05,1.55,29.33,1.70,9389,25.29,0,0,0,0,68.46,6.78,1.63,13134,35.34,0.00,17.22,0.82,9762,0,0,0,0,32424.72,22196.21,7.35,100.00,6.00,6.00
12/2/91 0:00:00,"1N-MA","CM","CM1N","XXXXX",18.00,6118.12,6247.53,27954.71,4079228,0,0,0,"M",8.51,1.57,30.98,2.17,9103,22.72,0,0,0,0,66.74,7.39,2.33,13028,36.46,0.00,17.98,0.82,11898,0,0,0,0,11669.32,7788.08,7.81,100.00,6.00,6.00
12/2/91 0:00:00,"2N-MA","CM","CM2N","XXXXX",15.00,1865.25,1981.50,21971.25,4079228,0,0,0,"M",8.50,1.55,30.10,1.87,9250,24.57,0,0,0,0,67.88,6.92,1.89,12764,35.43,0.00,17.18,0.82,9664,0,0,0,0,9078.06,6163.81,7.80,100.00,6.00,6.00
12/2/91 0:00:00,"TG-B-","CM","CMTG","XXXXX",31.50,2517.05,3446.30,69693.74,4079228,0,0,0,"M",8.41,1.59,32.04,1.63,8899,26.21,0,0,0,0,63.58,6.89,1.63,13080,35.04,0.00,17.16,0.82,9822,0,0,0,0,29219.90,18562.93,7.71,100.00,6.00,6.00
12/2/91 0:00:00,"A01-L","LW","LW","XXXXX",36.00,3795.86,2839.70,702777.60,4079228,0,0,0,"M",6.36,1.46,20.42,2.19,10743,29.73,0,0,0,0,78.57,6.18,1.96,13226,36.13,7.62,17.94,0.81,11146,2162,2250,2302,2454,204219.17,160463.99,5.66,100.00,6.00,6.00
12/2/91 0:00:00,"A03-AA","CM","CMBL","XXXXX",30.00,590.00,1475.00,66375.00,4079228,0,0,0,"M",8.72,1.58,32.45,1.96,8891,21.83,0,0,0,0,64.98,7.32,2.10,13050,36.54,0.00,17.99,0.82,10913,0,0,0,0,28650.08,18614.06,8.02,100.00,6.00,6.00
12/2/91 0:00:00,"B01-A","CM","CMA","XXXXX",37.50,110.00,1216.25,82968.75,4079228,0,0,0,"M",8.48,1.55,29.58,1.45,9309,24.83,0,0,0,0,68.19,6.66,1.43,12151,35.54,0.00,17.17,0.82,9687,0,0,0,0,34109.04,23259.87,7.78,100.00,6.00,6.00
1/2/92 0:00:00,"A02-AA","CM","CMA","XXXXX",12.50,8949.50,9270.00,24037.50,460,0,0,0,"M",8.28,1.55,29.43,1.81,9373,25.39,0,0,0,0,68.52,7.03,1.71,13093,35.24,0.00,17.21,0.82,9761,0,0,0,0,9652.78,6614.49,7.58,100.00,6.00,6.00
1/2/92 0:00:00,"1N-MA","CM","CM1N","XXXXX",26.40,6247.53,6437.35,41000.25,-101455924,0,0,0,"M",8.51,1.57,31.00,2.21,9101,23.05,0,0,0,0,66.67,7.39,2.35,13026,36.42,0.00,18.06,0.82,12242,0,0,0,0,17104.86,11404.40,7.81,100.00,6.00,6.00
1/2/92 0:00:00,"2N-MA","CM","CM2N","XXXXX",41.00,1981.50,2299.25,60054.75,-101455924,0,0,0,"M",8.53,1.55,29.42,1.81,9359,24.85,0,0,0,0,68.60,6.92,1.76,12781,35.45,0.00,17.19,0.82,9682,0,0,0,0,24827.74,17035.69,7.83,100.00,6.00,6.00
1/2/92 0:00:00,"TG-B-","CM","CMTG","XXXXX",46.20,3446.30,4809.19,102217.50,-101455924,0,0,0,"M",8.51,1.55,29.55,1.53,9337,26.27,0,0,0,0,68.24,7.13,1.49,13048,34.88,0.00,17.17,0.82,9968,0,0,0,0,42159.86,28774.18,7.81,100.00,6.00,6.00
1/2/92 0:00:00,"A01-L","LW","LW","XXXXX",52.80,2839.70,1437.33,1030740.48,-101455924,0,0,0,"M",6.50,1.45,19.99,2.03,10770,29.74,0,0,0,0,78.46,6.12,1.81,13237,36.26,7.63,17.79,0.82,10843,2178,2265,2296,2464,304804.86,239179.38,5.80,100.00,6.00,6.00
1/2/92 0:00:00,"A03-AA","CM","CMBL","XXXXX",44.00,1475.00,2773.00,97350.00,-101455924,0,0,0,"M",8.62,1.57,31.47,1.84,9002,22.59,0,0,0,0,65.62,7.54,1.91,12958,36.29,0.00,18.21,0.81,12441,0,0,0,0,41360.03,27144.10,7.92,100.00,6.00,6.00
1/2/92 0:00:00,"B01-A","CM","CMA","XXXXX",55.00,1216.25,2838.75,121687.50,-101455924,0,0,0,"M",8.64,1.56,29.92,1.44,9247,25.97,0,0,0,0,66.94,6.72,1.38,13061,35.51,0.00,17.17,0.82,9778,0,0,0,0,51286.26,34335.47,7.94,100.00,6.00,6.00
1/9/92 0:00:00,"A02-BB","CM","CMA","XXXXX",27.50,0.00,750.00,60750.00,15984128,0,0,0,"M",7.71,1.53,27.09,2.10,9759,24.98,0,0,0,0,71.02,6.95,1.92,13155,35.39,0.00,17.21,0.82,9736,0,0,0,0,22386.95,15894.92,7.01,100.00,6.00,6.00
1/24/92 0:00:00,"A04-A","CM","CM","XXXXX",6.00,110.00,287.00,13275.00,-117440512,0,41,0,"M",8.54,1.57,30.77,2.15,9145,22.51,0,0,0,0,66.99,7.40,2.28,13032,36.50,0.00,17.95,0.82,11581,0,0,0,0,5560.60,3725.12,7.84,100.00,6.00,6.00
2/3/92 0:00:00,"1N-MA","CM","CM1N","XXXXX",34.00,6437.35,6681.81,52803.35,524188920,0,0,0,"M",8.49,1.56,30.77,2.24,9143,23.07,0,0,0,0,67.05,7.34,2.36,13034,36.41,0.00,18.10,0.82,12440,0,0,0,0,21927.63,14704.50,7.79,100.00,6.00,6.00
2/3/92 0:00:00,"2N-MA","CM","CM2N","XXXXX",40.00,2299.25,2609.25,58590.00,524188920,0,0,0,"M",8.73,1.55,29.48,1.91,9353,25.29,0,0,0,0,68.68,7.17,1.87,12852,35.43,0.00,17.19,0.82,9705,0,0,0,0,24785.53,17023.95,8.03,100.00,6.00,6.00
2/3/92 0:00:00,"TG-B-","CM","CMTG","XXXXX",50.00,4809.19,6284.19,110625.00,524188920,0,0,0,"M",8.39,1.55,29.50,1.53,9365,26.46,0,0,0,0,68.54,6.88,1.45,13126,34.59,0.00,17.18,0.81,10185,0,0,0,0,45081.87,30906.95,7.69,100.00,6.00,6.00
2/3/92 0:00:00,"A01-L","LW","LW","XXXXX",45.60,1437.33,255.00,869016.96,255753464,0,0,0,"M",6.55,1.45,19.97,2.05,10733,29.67,0,0,0,0,78.19,6.13,1.80,13253,36.28,7.58,17.52,0.82,10372,2188,2277,2292,2477,258743.21,202313.01,5.85,100.00,6.00,6.00
2/3/92 0:00:00,"A03-AA","CM","CMBL","XXXXX",40.00,2773.00,3953.00,88500.00,524188920,0,0,0,"M",8.45,1.57,31.02,1.93,9076,23.34,0,0,0,0,65.65,7.38,1.93,12995,35.98,0.00,18.28,0.81,13046,0,0,0,0,36744.07,24124.96,7.75,100.00,6.00,6.00
2/3/92 0:00:00,"B01-A","CM","CMA","XXXXX",25.00,2838.75,3576.25,55312.50,31992,0,0,0,"M",8.54,1.56,29.86,1.37,9254,26.07,0,0,0,0,67.86,7.00,1.36,13044,35.03,0.00,17.17,0.82,9879,0,0,0,0,22998.47,15603.32,7.84,100.00,6.00,6.00
2/3/92 0:00:00,"A04-A","CM","CM","XXXXX",25.70,287.00,1045.15,56861.25,524188920,0,0,0,"M",8.48,1.56,30.75,2.07,9161,22.57,0,0,0,0,67.10,7.22,2.21,13076,36.48,0.00,18.12,0.82,12211,0,0,0,0,23611.42,15844.85,7.78,100.00,6.00,6.00
2/17/92 0:00:00,"B01-A","CM","CMA","CMBL",50.00,3576.25,4313.75,55312.50,524156928,0,0,0,"M",8.39,1.54,29.10,1.48,9388,26.09,0,0,0,0,68.86,7.09,1.48,13036,34.86,0.00,17.17,0.82,9950,0,0,0,0,22443.74,15455.36,7.69,100.00,6.00,6.00
3/2/92 0:00:00,"1N-MA","CM","CM1N","XXXXX",26.40,6681.81,6871.63,41000.25,-811647364,0,0,0,"M",8.46,1.56,30.74,2.19,9145,23.73,0,0,0,0,66.82,7.26,2.24,13041,36.50,0.00,18.10,0.82,12513,0,0,0,0,16983.36,11349.05,7.76,100.00,6.00,6.00
3/2/92 0:00:00,"2N-MA","CM","CM2N","XXXXX",44.00,2609.25,2950.25,64449.00,-811647364,0,0,0,"M",8.68,1.54,28.89,1.89,9450,25.41,0,0,0,0,69.37,7.18,1.83,12938,35.39,0.00,17.20,0.82,9721,0,0,0,0,27004.38,18735.86,7.98,100.00,6.00,6.00
3/2/92 0:00:00,"TG-B-","CM","CMTG","XXXXX",50.60,6284.19,7776.90,111952.50,-811647364,0,0,0,"M",8.20,1.56,30.30,1.51,9149,26.71,0,0,0,0,66.20,6.74,1.43,13131,34.85,0.00,17.47,0.81,10943,0,0,0,0,44951.77,29777.78,7.50,100.00,6.00,6.00
3/2/92 0:00:00,"A03-AA","CM","CMBL","XXXXX",44.00,3953.00,5251.00,97350.00,-811647364,0,0,0,"M",8.55,1.55,29.99,2.04,9274,24.19,0,0,0,0,67.60,7.29,2.03,13046,35.68,0.00,18.00,0.81,12187,0,0,0,0,40511.77,27387.83,7.85,100.00,6.00,6.00
3/2/92 0:00:00,"B01-A","CM","CMA","CMBL",110.00,4313.75,5936.25,121687.50,-811647364,0,0,0,"M",8.26,1.55,29.15,1.50,9414,26.22,0,0,0,0,69.24,7.29,1.47,13044,34.65,0.00,17.18,0.82,10082,0,0,0,0,48635.31,33673.86,7.56,100.00,6.00,6.00
3/2/92 0:00:00,"A04-A","CM","CM","XXXXX",22.00,1045.15,1694.15,48675.00,-811647364,0,0,0,"M",8.40,1.56,30.82,1.86,9148,22.76,0,0,0,0,67.19,7.28,1.97,13057,36.39,0.00,18.22,0.81,12642,0,0,0,0,20030.14,13458.39,7.70,100.00,6.00,6.00
3/6/92 0:00:00,"A02-L1","LW","LW","XXXXX",43.20,9000.00,7852.60,843333.12,-811647424,0,0,0,"M",6.29,1.46,20.85,2.06,10729,29.25,0,0,0,0,77.84,6.01,1.76,13302,35.66,7.35,17.22,0.82,9732,2211,2306,2365,2465,243383.98,189468.38,5.59,100.00,6.00,6.00
4/1/92 0:00:00,"1N-MA","CM","CM1N","XXXXX",26.40,6871.63,7061.44,41000.25,2046027726,0,0,0,"M",8.45,1.56,30.72,2.17,9145,24.14,0,0,0,0,66.64,7.20,2.15,13051,36.51,0.00,18.10,0.82,12564,0,0,0,0,16957.26,11300.52,7.75,100.00,6.00,6.00
4/1/92 0:00:00,"2N-MA","CM","CM2N","XXXXX",44.00,2950.25,3291.25,64449.00,2046027726,0,0,0,"M",8.40,1.54,28.29,1.84,9537,25.36,0,0,0,0,69.97,7.07,1.74,13017,35.30,0.00,17.20,0.82,9740,0,0,0,0,26036.16,18218.17,7.70,100.00,6.00,6.00
4/1/92 0:00:00,"TG-B-","CM","CMTG","XXXXX",46.20,7776.90,9139.80,102217.50,2046027726,0,0,0,"M",8.08,1.54,28.31,1.53,9488,27.21,0,0,0,0,69.58,7.02,1.36,13032,34.72,0.00,17.25,0.81,10703,0,0,0,0,39866.96,27728.52,7.38,100.00,6.00,6.00
4/1/92 0:00:00,"A03-AA","CM","CMBL","XXXXX",44.00,5251.00,6549.00,97350.00,2046027726,0,0,0,"M",8.45,1.55,29.48,2.10,9398,25.08,0,0,0,0,67.98,7.18,2.08,13020,35.52,0.00,17.32,0.81,10009,0,0,0,0,40011.80,27201.33,7.75,100.00,6.00,6.00
4/1/92 0:00:00,"B01-A","CM","CMA","CMBL",110.00,5936.25,7558.75,121687.50,2046027726,0,0,0,"M",8.35,1.55,29.00,1.50,9406,26.51,0,0,0,0,68.83,7.13,1.43,13072,34.71,0.00,17.38,0.81,10677,0,0,0,0,49267.54,33916.25,7.65,100.00,6.00,6.00
4/1/92 0:00:00,"A04-A","CM","CM","XXXXX",22.00,1694.15,2343.15,48675.00,2046027726,0,0,0,"M",8.45,1.57,30.97,1.84,9095,23.18,0,0,0,0,66.35,7.26,1.93,13036,36.23,0.00,18.25,0.81,12857,0,0,0,0,20178.86,13389.12,7.75,100.00,6.00,6.00
4/1/92 0:00:00,"A02-L1","LW","LW","XXXXX",52.80,7852.60,6450.24,1030740.47,2046027726,0,0,0,"M",6.34,1.46,20.94,1.77,10682,29.49,0,0,0,0,77.81,5.97,1.61,13269,35.92,7.40,17.25,0.81,9811,2155,2238,2307,2416,299745.49,233257.32,5.64,100.00,6.00,6.00
4/22/92 0:00:00,"B02-A","CM","CM","XXXXX",8.40,110.00,357.80,18585.00,2042626048,0,0,0,"M",8.70,1.54,28.87,1.74,9434,25.41,0,0,0,0,69.45,7.05,1.70,12762,35.33,0.00,17.19,0.82,9733,0,0,0,0,7795.24,5413.74,8.00,100.00,6.00,6.00
5/1/92 0:00:00,"1N-MA","CM","CM1N","XXXXX",24.00,7061.44,7234.00,37272.95,1014823410,0,0,0,"M",8.45,1.56,30.45,2.18,9190,24.63,0,0,0,0,67.06,7.21,2.08,13047,36.30,0.00,18.10,0.82,12509,0,0,0,0,15401.03,10329.33,7.75,100.00,6.00,6.00
5/1/92 0:00:00,"2N-MA","CM","CM2N","XXXXX",40.00,3291.25,3601.25,58590.00,1014823410,0,0,0,"M",8.48,1.54,28.57,1.72,9478,25.38,0,0,0,0,69.76,7.17,1.63,13045,35.16,0.00,17.21,0.82,9761,0,0,0,0,23953.07,16712.13,7.78,100.00,6.00,6.00
5/1/92 0:00:00,"TG-B-","CM","CMTG","XXXXX",6.30,9139.80,9270.00,9764.99,50,0,0,0,"M",7.97,1.54,28.36,1.52,9470,27.33,0,0,0,0,69.98,7.17,1.34,12992,34.96,0.00,17.26,0.81,10886,0,0,0,0,3749.74,2624.42,7.27,100.00,6.00,6.00
5/1/92 0:00:00,"A03-AA","CM","CMBL","XXXXX",40.00,6549.00,7729.00,88500.00,1014823410,0,0,0,"M",8.45,1.56,29.75,1.71,9557,25.28,0,0,0,0,67.66,7.04,1.73,13065,35.31,0.00,17.26,0.82,9838,0,0,0,0,36517.02,24706.34,7.75,100.00,6.00,6.00
5/1/92 0:00:00,"B01-A","CM","CMA","CMBL",100.00,7558.75,9033.75,110625.00,1014823410,0,0,0,"M",8.27,1.54,28.89,1.46,9427,26.95,0,0,0,0,69.28,7.12,1.35,13036,34.80,0.00,17.50,0.81,11398,0,0,0,0,44209.49,30614.78,7.57,100.00,6.00,6.00
5/1/92 0:00:00,"A04-A","CM","CM","XXXXX",20.00,2343.15,2933.15,44250.00,1014823410,0,0,0,"M",8.45,1.56,30.54,1.92,9157,24.56,0,0,0,0,67.21,7.67,1.87,12959,36.08,0.00,18.26,0.81,12985,0,0,0,0,18266.72,12278.02,7.75,100.00,6.00,6.00
5/1/92 0:00:00,"A02-L1","LW","LW","XXXXX",48.00,6450.24,5175.36,937036.79,1014823410,0,0,0,"M",6.17,1.47,21.68,1.90,10537,29.59,0,0,0,0,76.90,6.17,1.73,13226,36.16,7.50,17.58,0.81,10796,2167,2251,2315,2448,265840.97,204452.13,5.47,100.00,6.00,6.00
5/1/92 0:00:00,"B02-A","CM","CM","XXXXX",36.00,357.80,1419.80,79650.00,1014823410,0,0,0,"M",8.59,1.55,29.28,1.62,9355,25.69,0,0,0,0,68.44,6.81,1.59,12897,35.35,0.00,17.19,0.82,9758,0,0,0,0,33095.51,22652.92,7.89,100.00,6.00,6.00
5/6/92 0:00:00,"TG-BL","CM","CMTG","XXXXX",27.30,0.00,750.00,60750.00,8190400,0,0,0,"M",8.19,1.55,29.20,1.44,9355,27.37,0,0,0,0,68.94,7.37,1.33,12969,34.94,0.00,17.21,0.81,10622,0,0,0,0,24089.51,16606.47,7.49,100.00,6.00,6.00
5/6/92 0:00:00,"DT-B","CM","CM","XXXXX",17.00,0.00,501.50,40621.50,1014823360,0,0,0,"M",7.61,1.69,25.35,2.00,9979,26.79,0,0,0,0,53.06,7.02,1.96,13140,36.03,0.00,17.97,0.85,11637,0,0,0,0,16307.19,8652.95,6.91,100.00,6.00,6.00
6/1/92 0:00:00,"1N-MA","CM","CM1N","XXXXX",26.40,7234.00,7423.82,41000.25,1741659966,0,0,0,"M",8.42,1.56,30.40,2.15,9209,25.11,0,0,0,0,67.00,7.13,2.00,13060,36.27,0.00,18.11,0.82,12612,0,0,0,0,16860.38,11297.45,7.72,100.00,6.00,6.00
6/1/92 0:00:00,"2N-MA","CM","CM2N","XXXXX",44.00,3601.25,3942.25,64449.00,1741659966,0,0,0,"M",8.36,1.55,29.84,1.65,9265,25.40,0,0,0,0,68.07,7.06,1.57,13067,35.05,0.00,17.21,0.82,9777,0,0,0,0,26175.37,17818.46,7.66,100.00,6.00,6.00
6/1/92 0:00:00,"A03-AA","CM","CMBL","XXXXX",44.00,7729.00,9027.00,97350.00,1741659966,0,0,0,"M",8.39,1.54,28.36,1.64,9529,25.34,0,0,0,0,69.97,7.15,1.60,13048,35.24,0.00,17.24,0.82,9819,0,0,0,0,39340.15,27527.52,7.69,100.00,6.00,6.00
6/1/92 0:00:00,"B01-A","CM","CMA","CMBL",20.00,9033.75,9270.00,17718.75,30,0,0,0,"M",8.17,1.56,30.43,1.44,9143,27.26,0,0,0,0,66.80,7.13,1.34,13010,34.91,0.00,17.25,0.81,10644,0,0,0,0,7083.35,4731.71,7.47,100.00,6.00,6.00
6/1/92 0:00:00,"A04-A","CM","CM","XXXXX",44.00,2933.15,4231.15,97350.00,1741659966,0,0,0,"M",8.45,1.56,30.34,2.06,9198,25.13,0,0,0,0,66.97,7.26,2.05,13048,35.81,0.00,18.15,0.81,12671,0,0,0,0,40160.95,26898.09,7.75,100.00,6.00,6.00
6/1/92 0:00:00,"A02-L1","LW","LW","XXXXX",52.80,5175.36,3772.99,1030740.48,1741659966,0,0,0,"M",6.19,1.46,20.84,1.92,10676,29.69,0,0,0,0,78.13,6.05,1.75,13230,36.26,7.52,18.12,0.81,12346,2143,2224,2299,2440,291916.64,228099.79,5.49,100.00,6.00,6.00
6/1/92 0:00:00,"B02-A","CM","CM","XXXXX",44.00,1419.80,2717.80,97350.00,1741659966,0,0,0,"M",8.83,1.53,27.96,1.45,9576,25.86,0,0,0,0,69.94,6.73,1.35,13066,35.26,0.00,17.18,0.82,9819,0,0,0,0,41189.66,28812.88,8.13,100.00,6.00,6.00
6/1/92 0:00:00,"DT-B","CM","CM","XXXXX",9.00,501.50,750.00,20128.50,3902,0,0,0,"M",7.49,1.68,27.07,2.02,9674,26.61,0,0,0,0,53.72,7.02,1.96,13133,36.02,0.00,17.99,0.85,11643,0,0,0,0,7912.78,4250.61,6.79,100.00,6.00,6.00
6/5/92 0:00:00,"B01-B","CM","CMB1B","XXXXX",16.80,0.00,750.00,20250.00,106272,0,0,0,"M",8.11,1.57,31.30,1.42,8995,27.20,0,0,0,0,65.24,6.86,1.30,13069,34.98,0.00,17.23,0.81,10556,0,0,0,0,8085.72,5274.98,7.41,100.00,6.00,6.00
7/1/92 0:00:00,"1N-MA","CM","CM1N","XXXXX",21.60,7423.82,7579.12,33545.66,-101457906,0,0,0,"M",8.53,1.56,30.51,2.20,9186,25.33,0,0,0,0,66.76,7.16,1.97,13052,36.22,0.00,18.14,0.82,12688,0,0,0,0,14001.88,9347.69,7.83,100.00,6.00,6.00
7/1/92 0:00:00,"2N-MA","CM","CM2N","XXXXX",30.60,3942.25,4179.40,44821.35,-101457906,0,0,0,"M",8.33,1.56,30.20,1.72,9205,25.39,0,0,0,0,67.66,7.17,1.63,13052,35.00,0.00,17.21,0.82,9795,0,0,0,0,18189.81,12308.58,7.63,100.00,6.00,6.00
7/1/92 0:00:00,"A03-AA","CM","CMBL","XXXXX",10.00,9027.00,9270.00,18225.00,24590,0,0,0,"M",8.39,1.54,28.94,1.73,9432,25.37,0,0,0,0,69.27,7.24,1.64,13041,35.11,0.00,17.23,0.82,9816,0,0,0,0,7388.51,5118.09,7.69,100.00,6.00,6.00
7/1/92 0:00:00,"A04-A","CM","CM","XXXXX",18.00,4231.15,4762.15,39825.00,-101457906,0,0,0,"M",8.28,1.55,29.44,2.19,9360,25.29,0,0,0,0,68.13,7.09,2.16,13098,35.65,0.00,17.57,0.81,10825,0,0,0,0,16009.15,10907.11,7.58,100.00,6.00,6.00
7/1/92 0:00:00,"A02-L1","LW","LW","XXXXX",43.20,3772.99,2625.60,843333.12,-101457906,0,0,0,"M",6.25,1.47,20.88,1.82,10668,29.81,0,0,0,0,78.13,6.04,1.65,13218,36.32,7.47,18.10,0.81,11872,2130,2212,2269,2441,241869.75,188973.84,5.55,100.00,6.00,6.00
7/1/92 0:00:00,"B02-A","CM","CM","XXXXX",36.00,2717.80,3779.80,79650.00,-101457906,0,0,0,"M",8.28,1.51,26.09,1.36,9820,25.80,0,0,0,0,72.21,6.73,1.28,13106,34.96,0.00,17.18,0.82,9903,0,0,0,0,31280.93,22586.85,7.58,100.00,6.00,6.00
7/1/92 0:00:00,"B01-L","LW","LWB","XXXXX",43.20,9000.00,7852.60,843333.12,-101457906,0,0,0,"M",6.02,1.46,20.97,1.48,10634,24.03,0,0,0,0,77.45,5.72,1.19,13262,35.54,7.23,17.38,0.81,11015,2419,2474,2539,2614,232844.42,180336.08,5.32,100.00,6.00,6.00
7/15/92 0:00:00,"A03-BB","CM","CMBL","XXXXX",26.00,0.00,750.00,60750.00,-101482496,0,0,0,"M",8.32,1.55,29.34,1.70,9377,25.39,0,0,0,0,68.69,7.08,1.59,13081,35.16,0.00,17.22,0.82,9792,0,0,0,0,24458.83,16802.59,7.62,100.00,6.00,6.00
7/30/92 0:00:00,"B03-A","CM","CM","XXXXX",2.00,110.00,169.00,4425.00,-1073741824,26,0,0,"M",8.42,1.55,29.46,1.52,9326,25.40,0,0,0,0,68.54,6.89,1.45,13080,35.10,0.00,17.21,0.82,9776,0,0,0,0,1806.39,1238.06,7.72,100.00,6.00,6.00
8/3/92 0:00:00,"1N-MA","CM","CM1N","XXXXX",25.20,7579.12,7760.31,39136.60,-1623294728,0,0,0,"M",8.47,1.56,30.34,2.19,9213,25.33,0,0,0,0,66.98,7.05,1.93,13068,36.26,0.00,18.12,0.82,12730,0,0,0,0,16185.87,10842.36,7.77,100.00,6.00,6.00
8/3/92 0:00:00,"2N-MA","CM","CM2N","XXXXX",35.70,4179.40,4456.07,52291.57,-1623294728,0,0,0,"M",8.46,1.56,30.46,2.00,9178,25.42,0,0,0,0,67.52,7.52,1.90,12997,34.97,0.00,17.22,0.82,9807,0,0,0,0,21572.64,14566.40,7.76,100.00,6.00,6.00
8/3/92 0:00:00,"A04-A","CM","CM","XXXXX",42.00,4762.15,6001.15,92925.00,-1623294728,0,0,0,"M",8.17,1.56,30.29,2.39,9188,25.37,0,0,0,0,66.90,7.07,2.22,13066,35.49,0.00,17.35,0.81,10108,0,0,0,0,37172.64,24869.01,7.47,100.00,6.00,6.00
8/3/92 0:00:00,"A02-L1","LW","LW","XXXXX",50.40,2625.60,1286.97,983888.64,-1623294728,0,0,0,"M",6.44,1.46,20.90,1.91,10663,29.82,0,0,0,0,77.92,6.28,1.74,13193,36.43,7.38,17.91,0.81,11050,2134,2225,2265,2450,290420.34,226300.93,5.74,100.00,6.00,6.00
8/3/92 0:00:00,"B02-A","CM","CM","XXXXX",42.00,3779.80,5018.80,92925.00,-1623294728,0,0,0,"M",8.17,1.55,29.07,1.31,9393,26.01,0,0,0,0,68.42,6.79,1.27,13128,34.62,0.00,17.18,0.82,9998,0,0,0,0,36817.94,25192.32,7.47,100.00,6.00,6.00
8/3/92 0:00:00,"B01-L","LW","LWB","XXXXX",50.40,7852.60,6513.98,983888.63,-1623294728,0,0,0,"M",6.07,1.48,22.07,1.48,10461,19.13,0,0,0,0,76.01,5.75,1.26,13287,35.69,7.26,17.46,0.81,10983,2424,2494,2562,2617,275688.86,209633.71,5.37,100.00,6.00,6.00
8/3/92 0:00:00,"B03-A","CM","CM","XXXXX",21.00,169.00,788.50,46462.50,-1623294728,0,0,0,"M",8.40,1.55,29.52,1.48,9322,25.38,0,0,0,0,68.44,6.73,1.40,13050,35.12,0.00,17.20,0.82,9789,0,0,0,0,18898.26,12935.69,7.70,100.00,6.00,6.00
8/3/92 0:00:00,"A05-A","CM","CM","XXXXX",21.00,110.00,729.50,46462.50,-1623294728,0,75,0,"M",8.45,1.56,30.51,2.04,9197,24.45,0,0,0,0,67.27,7.25,2.13,13049,36.18,0.00,18.18,0.82,12714,0,0,0,0,19197.44,12915.83,7.75,100.00,6.00,6.00
9/1/92 0:00:00,"1N-MA","CM","CM1N","XXXXX",31.50,7760.31,7986.80,48920.75,1944571678,0,0,0,"M",8.42,1.56,30.03,2.14,9252,25.37,0,0,0,0,67.46,6.98,1.87,13074,36.11,0.00,18.09,0.82,12701,0,0,0,0,20063.67,13536.14,7.72,100.00,6.00,6.00
9/1/92 0:00:00,"2N-MA","CM","CM2N","XXXXX",31.50,4456.07,4700.20,46139.62,1944571678,0,0,0,"M",8.56,1.55,29.83,2.38,9284,25.44,0,0,0,0,68.48,8.04,2.25,12916,34.94,0.00,17.22,0.82,9816,0,0,0,0,19191.60,13143.01,7.86,100.00,6.00,6.00
9/1/92 0:00:00,"A04-A","CM","CM","XXXXX",42.00,6001.15,7240.15,92925.00,1944571678,0,0,0,"M",8.54,1.56,29.85,2.26,9301,25.40,0,0,0,0,67.95,7.40,2.29,13034,35.38,0.00,17.28,0.82,9906,0,0,0,0,38643.72,26259.92,7.84,100.00,6.00,6.00
9/1/92 0:00:00,"A02-L1","LW","LW","XXXXX",40.80,1286.97,255.00,758502.36,31969054,0,0,0,"M",6.53,1.46,20.71,2.07,10722,29.73,0,0,0,0,78.47,6.35,1.91,13205,36.44,7.39,17.66,0.82,10451,2133,2224,2267,2449,226322.67,177608.25,5.83,100.00,6.00,6.00
9/1/92 0:00:00,"B02-A","CM","CM","XXXXX",42.00,5018.80,6257.80,92925.00,1944571678,0,0,0,"M",8.08,1.54,28.64,1.44,9481,26.08,0,0,0,0,69.33,6.94,1.40,13084,34.61,0.00,17.18,0.82,10106,0,0,0,0,36245.07,25132.94,7.38,100.00,6.00,6.00
9/1/92 0:00:00,"B01-L","LW","LWB","XXXXX",50.40,6513.98,5175.36,983888.63,1944571678,0,0,0,"M",6.18,1.46,20.73,1.58,10718,17.97,0,0,0,0,78.04,5.85,1.34,13287,35.78,7.40,17.21,0.81,10232,2406,2499,2561,2607,278013.58,216989.39,5.48,100.00,6.00,6.00
9/1/92 0:00:00,"B03-A","CM","CM","XXXXX",21.00,788.50,1408.00,46462.50,1944571678,0,0,0,"M",8.53,1.54,29.07,1.67,9411,25.47,0,0,0,0,69.18,7.11,1.59,13062,35.05,0.00,17.20,0.82,9812,0,0,0,0,19118.13,13227.92,7.83,100.00,6.00,6.00
9/1/92 0:00:00,"A05-A","CM","CM","XXXXX",21.00,729.50,1349.00,46462.50,1944571678,0,0,0,"M",8.37,1.56,30.08,2.06,9271,24.78,0,0,0,0,67.94,7.29,2.08,13047,36.18,0.00,18.24,0.81,12914,0,0,0,0,18957.65,12880.36,7.67,100.00,6.00,6.00
10/1/92 0:00:00,"1N-MA","CM","CM1N","XXXXX",33.00,7986.80,8224.07,51250.31,2096755686,0,0,0,"M",8.34,1.56,30.06,2.02,9249,25.51,0,0,0,0,67.43,6.92,1.79,13083,35.74,0.00,18.06,0.82,12579,0,0,0,0,20818.16,14038.67,7.64,100.00,6.00,6.00
10/1/92 0:00:00,"2N-MA","CM","CM2N","XXXXX",33.00,4700.20,4955.95,48336.75,2096755686,0,0,0,"M",8.45,1.55,29.09,1.99,9398,25.40,0,0,0,0,69.29,7.63,1.87,12973,34.97,0.00,17.22,0.82,9828,0,0,0,0,19768.86,13699.66,7.75,100.00,6.00,6.00
10/1/92 0:00:00,"A04-A","CM","CM","XXXXX",44.00,7240.15,8538.15,97350.00,2096755686,0,0,0,"M",8.60,1.54,29.02,1.65,9430,25.18,0,0,0,0,69.36,7.23,1.61,13044,35.28,0.00,17.26,0.82,9875,0,0,0,0,40498.43,28090.46,7.90,100.00,6.00,6.00
10/1/92 0:00:00,"B02-A","CM","CM","XXXXX",44.00,6257.80,7555.80,97350.00,2096755686,0,0,0,"M",8.07,1.52,26.32,1.47,9846,26.21,0,0,0,0,72.55,7.05,1.36,13071,34.60,0.00,17.33,0.81,10990,0,0,0,0,37366.76,27086.08,7.37,100.00,6.00,6.00
10/1/92 0:00:00,"B01-L","LW","LWB","XXXXX",52.80,5175.36,3772.99,1030740.48,2096755686,0,0,0,"M",6.27,1.46,20.48,1.55,10746,22.51,0,0,0,0,77.89,5.80,1.32,13274,36.10,7.55,17.17,0.82,10007,2371,2480,2534,2573,295496.33,230170.36,5.57,100.00,6.00,6.00
10/1/92 0:00:00,"B03-A","CM","CM","XXXXX",22.00,1408.00,2057.00,48675.00,2096755686,0,0,0,"M",8.65,1.54,28.74,1.63,9469,25.53,0,0,0,0,69.64,7.11,1.55,13063,34.90,0.00,17.19,0.82,9838,0,0,0,0,20263.32,14112.68,7.95,100.00,6.00,6.00
10/1/92 0:00:00,"A05-A","CM","CM","XXXXX",22.00,1349.00,1998.00,48675.00,2096755686,0,0,0,"M",8.01,1.54,30.37,2.13,9213,24.90,0,0,0,0,69.21,7.31,1.96,13050,36.19,0.00,18.25,0.81,12987,0,0,0,0,18827.89,13030.35,7.31,100.00,6.00,6.00
10/2/92 0:00:00,"A03-L1","LW","LW","XXXXX",50.40,9000.00,7661.37,983888.64,2096755684,0,0,0,"M",6.34,1.46,20.31,1.69,10774,29.30,0,0,0,0,78.61,5.84,1.43,13267,35.51,7.26,17.23,0.82,9791,2248,2356,2426,2541,284969.78,224027.97,5.64,100.00,6.00,6.00
11/2/92 0:00:00,"1N-MA","CM","CM1N","XXXXX",28.50,8224.07,8428.98,44261.63,1334263420,0,0,0,"M",8.38,1.56,30.27,1.92,9207,25.56,0,0,0,0,67.06,6.94,1.78,13071,35.60,0.00,18.09,0.82,12708,0,0,0,0,18102.13,12139.46,7.68,100.00,6.00,6.00
11/2/92 0:00:00,"2N-MA","CM","CM2N","XXXXX",28.50,4955.95,5176.82,41745.37,1334263420,0,0,0,"M",8.45,1.54,28.75,1.77,9452,25.45,0,0,0,0,69.71,7.44,1.66,12997,35.00,0.00,17.22,0.82,9837,0,0,0,0,17033.38,11875.65,7.75,100.00,6.00,6.00
11/2/92 0:00:00,"A04-A","CM","CM","XXXXX",26.00,8538.15,9270.00,54888.74,474748,0,0,0,"M",8.53,1.54,27.97,1.63,9576,25.55,0,0,0,0,70.64,7.33,1.52,13000,35.06,0.00,17.24,0.82,9862,0,0,0,0,22518.66,15909.17,7.83,100.00,6.00,6.00
11/2/92 0:00:00,"B02-A","CM","CM","XXXXX",38.00,7555.80,8676.80,84075.00,1334263420,0,0,0,"M",8.16,1.53,27.65,1.41,9643,26.48,0,0,0,0,70.60,6.85,1.25,13109,34.82,0.00,17.68,0.81,12110,0,0,0,0,32868.97,23204.64,7.46,100.00,6.00,6.00
11/2/92 0:00:00,"B01-L","LW","LWB","XXXXX",45.60,3772.99,2561.85,890184.96,1334263420,0,0,0,"M",6.21,1.46,20.53,1.61,10715,24.96,0,0,0,0,77.99,5.81,1.36,13247,36.43,7.60,17.17,0.82,9861,2342,2460,2493,2544,252679.87,197084.50,5.51,100.00,6.00,6.00
11/2/92 0:00:00,"B03-A","CM","CM","XXXXX",19.00,2057.00,2617.50,42037.50,1334263420,0,0,0,"M",8.61,1.53,28.37,1.47,9523,25.64,0,0,0,0,69.71,6.72,1.39,13115,34.79,0.00,17.19,0.82,9865,0,0,0,0,17382.63,12116.72,7.91,100.00,6.00,6.00
11/2/92 0:00:00,"A05-A","CM","CM","XXXXX",19.00,1998.00,2558.50,42037.50,1334263420,0,0,0,"M",8.21,1.56,30.66,2.03,9161,25.05,0,0,0,0,67.63,7.38,2.05,13020,35.90,0.00,18.26,0.81,13007,0,0,0,0,16869.00,11409.04,7.51,100.00,6.00,6.00
11/2/92 0:00:00,"A03-L1","LW","LW","XXXXX",45.60,7661.37,6450.24,890184.95,1334263420,0,0,0,"M",6.27,1.46,20.28,1.88,10793,29.51,0,0,0,0,78.92,6.05,1.73,13221,35.88,7.35,17.25,0.82,9811,2204,2292,2366,2488,255260.08,201468.56,5.57,100.00,6.00,6.00
11/23/92 0:00:00,"A04-B","CM","CMBL","XXXXX",12.00,0.00,354.00,28674.00,1333788672,0,0,0,"M",8.30,1.53,26.95,1.66,9733,25.43,0,0,0,0,71.84,7.28,1.56,13017,35.05,0.00,17.24,0.82,9850,0,0,0,0,11374.33,8170.72,7.60,100.00,6.00,6.00
12/1/92 0:00:00,"1N-MA","CM","CM1N","XXXXX",25.50,8428.98,8612.33,39602.51,15191966,0,0,0,"M",8.40,1.56,30.27,1.85,9204,25.62,0,0,0,0,67.07,6.96,1.73,13065,35.39,0.00,18.09,0.82,12687,0,0,0,0,16229.17,10886.36,7.70,100.00,6.00,6.00
12/1/92 0:00:00,"2N-MA","CM","CM2N","XXXXX",25.50,5176.82,5374.45,37351.12,15191966,0,0,0,"M",8.42,1.54,28.67,1.63,9463,25.44,0,0,0,0,69.77,7.32,1.54,13014,35.00,0.00,17.23,0.82,9846,0,0,0,0,15194.03,10601.43,7.72,100.00,6.00,6.00
12/1/92 0:00:00,"B02-A","CM","CM","XXXXX",22.00,8676.80,9270.00,44490.00,53150,0,0,0,"M",8.16,1.54,28.42,1.45,9485,26.98,0,0,0,0,69.20,6.71,1.28,13110,35.00,0.00,17.33,0.81,10815,0,0,0,0,17461.64,12085.09,7.46,100.00,6.00,6.00
12/1/92 0:00:00,"B01-L","LW","LWB","XXXXX",40.80,2561.85,1478.20,796481.28,15191966,0,0,0,"M",6.19,1.46,20.34,1.60,10758,26.70,0,0,0,0,78.47,5.81,1.32,13263,36.53,7.68,17.16,0.82,9754,2312,2431,2467,2512,224874.76,176482.77,5.49,100.00,6.00,6.00
12/1/92 0:00:00,"B03-A","CM","CM","XXXXX",17.00,2617.50,3119.00,37612.50,15191966,0,0,0,"M",8.42,1.52,27.17,1.34,9724,25.93,0,0,0,0,71.01,6.95,1.24,13108,34.79,0.00,17.19,0.82,9896,0,0,0,0,15099.56,10723.53,7.72,100.00,6.00,6.00
12/1/92 0:00:00,"A05-A","CM","CM","XXXXX",27.00,2558.50,3355.00,59737.50,15191966,0,0,0,"M",8.37,1.57,31.30,2.08,9062,25.42,0,0,0,0,66.12,7.17,2.13,13067,35.73,0.00,18.23,0.81,12929,0,0,0,0,24607.12,16270.44,7.67,100.00,6.00,6.00
12/1/92 0:00:00,"A03-L1","LW","LW","XXXXX",40.80,6450.24,5366.59,796481.27,15191966,0,0,0,"M",6.27,1.46,20.71,2.07,10696,29.71,0,0,0,0,78.19,6.14,1.84,13205,36.10,7.36,17.43,0.81,10360,2184,2265,2344,2467,228663.07,178794.98,5.57,100.00,6.00,6.00
12/1/92 0:00:00,"A04-B","CM","CMBL","XXXXX",14.00,354.00,750.00,32076.00,926,0,0,0,"M",8.30,1.53,26.98,1.68,9730,25.38,0,0,0,0,71.82,7.29,1.59,13019,35.09,0.00,17.23,0.82,9831,0,0,0,0,12713.25,9130.73,7.60,100.00,6.00,6.00
12/10/92 0:00:00,"A06-A","CM","CM","XXXXX",10.00,110.00,405.00,22125.00,15191040,0,53,0,"M",8.30,1.55,29.84,2.20,9301,25.21,0,0,0,0,67.94,6.98,1.85,13081,35.97,0.00,18.22,0.82,12925,0,0,0,0,8928.61,6066.82,7.60,100.00,6.00,6.00
12/16/92 0:00:00,"B02-B","CM","CMB2B","XXXXX",12.00,0.00,692.28,10384.20,15138816,0,0,0,"M",8.23,1.60,33.69,1.33,8647,27.25,0,0,0,0,62.75,6.84,1.28,13069,34.92,0.00,17.28,0.81,10685,0,0,0,0,4277.61,2680.36,7.53,100.00,6.00,6.00
1/4/93 0:00:00,"1N-MA","CM","CM1N","XXXXX",30.00,8612.33,8828.03,46591.19,1048377840,0,0,0,"M",8.38,1.56,30.34,1.85,9198,25.67,0,0,0,0,67.19,6.99,1.76,13066,35.17,0.00,18.04,0.82,12580,0,0,0,0,19038.27,12792.53,7.68,100.00,6.00,6.00
1/4/93 0:00:00,"2N-MA","CM","CM2N","XXXXX",30.00,5374.45,5606.95,43942.50,1048377840,0,0,0,"M",8.46,1.55,28.88,1.51,9429,25.49,0,0,0,0,69.50,7.26,1.44,13023,35.01,0.00,17.23,0.82,9857,0,0,0,0,18015.95,12521.91,7.76,100.00,6.00,6.00
1/4/93 0:00:00,"B01-L","LW","LWB","XXXXX",48.00,1478.20,255.00,899057.88,1048377840,0,0,0,"M",6.32,1.46,20.23,1.47,10776,28.86,0,0,0,0,78.65,5.62,1.24,13293,36.47,7.61,17.17,0.82,9672,2287,2399,2447,2499,259133.45,203814.45,5.62,100.00,6.00,6.00
1/4/93 0:00:00,"B03-A","CM","CM","XXXXX",39.00,3119.00,4269.50,86287.50,1048377840,0,0,0,"M",8.34,1.55,29.19,1.33,9388,26.10,0,0,0,0,68.44,6.91,1.23,13119,34.69,0.00,17.19,0.82,9944,0,0,0,0,34863.61,23858.86,7.64,100.00,6.00,6.00
1/4/93 0:00:00,"A05-A","CM","CM","XXXXX",40.00,3355.00,4535.00,88500.00,1048377840,0,0,0,"M",8.35,1.59,32.74,2.13,8834,25.56,0,0,0,0,64.19,7.27,2.19,13068,35.55,0.00,17.88,0.81,11805,0,0,0,0,36701.85,23551.78,7.65,100.00,6.00,6.00
1/4/93 0:00:00,"A03-L1","LW","LW","XXXXX",48.00,5366.59,4091.71,937036.79,1048377840,0,0,0,"M",6.30,1.46,20.61,2.01,10724,29.85,0,0,0,0,78.29,6.12,1.81,13223,36.25,7.33,17.99,0.81,12154,2142,2218,2307,2434,270044.99,211435.23,5.60,100.00,6.00,6.00
1/4/93 0:00:00,"A06-A","CM","CM","XXXXX",20.00,405.00,995.00,44250.00,1048377840,0,0,0,"M",8.12,1.56,30.42,1.92,9224,25.34,0,0,0,0,67.32,6.93,1.79,13095,35.85,0.00,18.22,0.82,12976,0,0,0,0,17515.04,11792.17,7.42,100.00,6.00,6.00
1/4/93 0:00:00,"B02-B","CM","CMB2B","XXXXX",2.00,692.28,750.00,865.80,16,0,0,0,"M",8.17,1.56,30.48,1.42,9138,27.22,0,0,0,0,66.87,7.15,1.34,13005,34.90,0.00,17.28,0.81,10742,0,0,0,0,346.16,231.49,7.47,100.00,6.00,6.00
1/5/93 0:00:00,"B04-A","CM","CM","XXXXX",19.00,110.00,670.50,42037.50,1048377824,0,44,0,"M",8.34,1.56,30.22,1.72,9219,25.31,0,0,0,0,67.70,7.23,1.59,13039,34.92,0.00,17.21,0.82,9831,0,0,0,0,17083.52,11566.41,7.64,100.00,6.00,6.00
2/1/93 0:00:00,"1N-MA","CM","CM1N","XXXXX",30.00,8828.03,9043.73,46591.19,131047230,0,0,0,"M",8.31,1.56,30.48,1.82,9177,25.70,0,0,0,0,67.10,6.99,1.77,13071,34.85,0.00,17.97,0.82,12427,0,0,0,0,18900.57,12683.61,7.61,100.00,6.00,6.00
2/1/93 0:00:00,"2N-MA","CM","CM2N","XXXXX",30.00,5606.95,5839.45,43942.50,131047230,0,0,0,"M",8.39,1.54,28.50,1.47,9492,25.59,0,0,0,0,69.93,7.19,1.38,13033,34.93,0.00,17.23,0.82,9865,0,0,0,0,17793.65,12443.15,7.69,100.00,6.00,6.00
2/1/93 0:00:00,"B03-A","CM","CM","XXXXX",40.00,4269.50,5449.50,88500.00,131047230,0,0,0,"M",8.43,1.57,30.93,1.38,9117,26.24,0,0,0,0,66.35,6.79,1.34,13119,34.39,0.00,17.19,0.82,10022,0,0,0,0,36584.33,24272.03,7.73,100.00,6.00,6.00
2/1/93 0:00:00,"A05-A","CM","CM","XXXXX",40.00,4535.00,5715.00,88500.00,131047230,0,0,0,"M",8.38,1.57,31.09,2.39,9086,25.43,0,0,0,0,65.94,7.42,2.44,13031,35.63,0.00,17.34,0.81,10102,0,0,0,0,36411.87,24007.38,7.68,100.00,6.00,6.00
2/1/93 0:00:00,"A03-L1","LW","LW","XXXXX",48.00,4091.71,2816.83,937036.80,131047230,0,0,0,"M",6.22,1.46,20.81,1.85,10679,29.87,0,0,0,0,78.08,6.13,1.65,13206,36.33,7.26,18.26,0.81,12868,2098,2178,2262,2423,267182.27,208625.92,5.52,100.00,6.00,6.00
2/1/93 0:00:00,"A06-A","CM","CM","XXXXX",20.00,995.00,1585.00,44250.00,131047230,0,0,0,"M",8.12,1.55,30.17,1.83,9245,25.43,0,0,0,0,68.35,7.25,1.82,13040,35.82,0.00,18.24,0.81,12966,0,0,0,0,17454.21,11931.55,7.42,100.00,6.00,6.00
2/1/93 0:00:00,"B04-A","CM","CM","XXXXX",20.00,670.50,1260.50,44250.00,131047230,0,0,0,"M",8.31,1.55,30.01,1.61,9254,25.29,0,0,0,0,67.90,7.04,1.47,13071,34.81,0.00,17.21,0.82,9844,0,0,0,0,17880.58,12142.64,7.61,100.00,6.00,6.00
2/8/93 0:00:00,"B02-L","LW","LWB","XXXXX",36.00,9000.00,8043.83,702777.60,131047168,0,19,0,"M",6.15,1.45,19.82,1.36,10840,23.41,0,0,0,0,79.06,5.44,1.11,13317,35.46,7.37,17.47,0.81,11337,2419,2474,2537,2616,196732.15,155546.15,5.45,100.00,6.00,6.00
3/1/93 0:00:00,"1N-MA","CM","CM1N","XXXXX",34.50,9043.73,9291.78,53579.87,-405823682,0,0,0,"M",8.34,1.56,30.46,1.83,9183,25.77,0,0,0,0,67.25,7.10,1.80,13057,34.52,0.00,17.96,0.82,12370,0,0,0,0,21791.53,14656.80,7.64,100.00,6.00,6.00
3/1/93 0:00:00,"2N-MA","CM","CM2N","XXXXX",34.50,5839.45,6106.82,50533.87,-405823682,0,0,0,"M",8.31,1.54,28.66,1.43,9471,25.68,0,0,0,0,69.62,7.10,1.32,13052,34.92,0.00,17.23,0.82,9874,0,0,0,0,20293.77,14130.59,7.61,100.00,6.00,6.00
3/1/93 0:00:00,"B03-A","CM","CM","XXXXX",46.00,5449.50,6806.50,101775.00,-405823682,0,0,0,"M",8.22,1.55,28.83,1.54,9442,26.05,0,0,0,0,68.93,7.02,1.49,13049,34.49,0.00,17.21,0.81,10284,0,0,0,0,40486.48,27909.70,7.52,100.00,6.00,6.00
3/1/93 0:00:00,"A05-A","CM","CM","XXXXX",46.00,5715.00,7072.00,101775.00,-405823682,0,0,0,"M",8.39,1.56,30.61,2.59,9147,25.40,0,0,0,0,66.54,7.73,2.60,12951,35.50,0.00,17.29,0.82,9957,0,0,0,0,41808.97,27817.63,7.69,100.00,6.00,6.00
3/1/93 0:00:00,"A03-L1","LW","LW","XXXXX",55.20,2816.83,1350.72,1077592.32,-405823682,0,0,0,"M",6.33,1.47,20.94,1.91,10654,29.85,0,0,0,0,78.35,6.45,1.74,13147,36.49,7.17,18.11,0.81,11748,2081,2178,2248,2427,312799.97,245096.62,5.63,100.00,6.00,6.00
3/1/93 0:00:00,"A06-A","CM","CM","XXXXX",23.00,1585.00,2263.50,50887.50,-405823682,0,0,0,"M",8.18,1.55,29.53,1.93,9342,25.40,0,0,0,0,69.50,7.41,1.92,13017,35.83,0.00,18.24,0.81,12999,0,0,0,0,20148.82,14003.43,7.48,100.00,6.00,6.00
3/1/93 0:00:00,"B04-A","CM","CM","XXXXX",23.00,1260.50,1939.00,50887.50,-405823682,0,0,0,"M",8.31,1.55,29.63,1.56,9303,25.43,0,0,0,0,67.97,6.90,1.45,13098,34.71,0.00,17.20,0.82,9864,0,0,0,0,20529.41,13956.02,7.61,100.00,6.00,6.00
3/1/93 0:00:00,"B02-L","LW","LWB","XXXXX",55.20,8043.83,6577.72,1077592.31,-405823682,0,0,0,"M",6.20,1.46,20.14,1.43,10800,20.47,0,0,0,0,78.70,5.51,1.17,13331,35.69,7.30,17.52,0.81,11420,2426,2492,2549,2609,304596.41,239725.57,5.50,100.00,6.00,6.00
4/1/93 0:00:00,"1N-MA","CM","CM1N","XXXXX",10.50,9291.78,9367.28,16306.91,998,0,0,0,"M",8.38,1.56,30.38,1.88,9188,25.83,0,0,0,0,67.37,7.22,1.86,13040,34.16,0.00,17.96,0.82,12357,0,0,0,0,6657.17,4485.02,7.68,100.00,6.00,6.00
4/1/93 0:00:00,"2N-MA","CM","CM2N","XXXXX",10.50,6106.82,6188.20,15379.87,998,0,0,0,"M",8.32,1.54,29.08,1.41,9407,25.79,0,0,0,0,69.59,7.11,1.31,13044,34.91,0.00,17.24,0.82,9881,0,0,0,0,6185.63,4304.57,7.62,100.00,6.00,6.00
4/1/93 0:00:00,"B03-A","CM","CM","XXXXX",14.00,6806.50,7219.50,30975.00,998,0,0,0,"M",8.03,1.53,27.00,1.45,9734,26.00,0,0,0,0,71.60,7.21,1.37,13030,34.60,0.00,17.35,0.81,11338,0,0,0,0,11899.52,8520.46,7.33,100.00,6.00,6.00
4/1/93 0:00:00,"A05-A","CM","CM","XXXXX",14.00,7072.00,7485.00,30975.00,998,0,0,0,"M",8.48,1.57,30.75,2.15,9119,25.61,0,0,0,0,66.60,7.33,1.90,13013,35.40,0.00,17.28,0.82,9929,0,0,0,0,12868.13,8570.52,7.78,100.00,6.00,6.00
4/1/93 0:00:00,"A03-L1","LW","LW","XXXXX",16.80,1350.72,904.51,327962.88,998,0,0,0,"M",6.41,1.46,20.55,2.08,10733,29.73,0,0,0,0,78.73,6.33,1.92,13190,36.59,7.17,17.91,0.82,10733,2078,2178,2251,2424,96115.33,75675.86,5.71,100.00,6.00,6.00
4/1/93 0:00:00,"A06-A","CM","CM","XXXXX",7.00,2263.50,2470.00,15487.50,998,0,0,0,"M",8.28,1.55,29.68,1.97,9319,25.43,0,0,0,0,69.14,7.37,1.96,13023,35.85,0.00,18.25,0.81,12998,0,0,0,0,6223.67,4303.48,7.58,100.00,6.00,6.00
4/1/93 0:00:00,"B04-A","CM","CM","XXXXX",7.00,1939.00,2145.50,15487.50,998,0,0,0,"M",8.39,1.54,28.23,1.59,9525,25.66,0,0,0,0,69.63,6.97,1.47,13079,34.65,0.00,17.20,0.82,9881,0,0,0,0,6256.37,4356.33,7.69,100.00,6.00,6.00
4/1/93 0:00:00,"B02-L","LW","LWB","XXXXX",16.80,6577.72,6131.52,327962.87,998,0,0,0,"M",6.18,1.45,19.93,1.50,10841,19.30,0,0,0,0,79.24,5.72,1.25,13299,35.82,7.36,17.25,0.81,10362,2439,2514,2571,2613,92207.00,73065.59,5.48,100.00,6.00,6.00
